x,eeg_cdf,wishart_cdf,t_wishart_cdf 
0.07717925340464706,0.0,0.0,0.00398 
0.07750483006916502,0.0,0.0,0.00432 
0.077830406733683,0.0,0.0,0.0046 
0.07815598339820096,0.0,0.0,0.00494 
0.07848156006271892,0.0,0.0,0.0052 
0.0788071367272369,0.0,0.0,0.00559 
0.07913271339175486,0.0,0.0,0.00595 
0.07945829005627282,0.0,0.0,0.0064 
0.07978386672079078,0.0,0.0,0.00692 
0.08010944338530876,0.0,0.0,0.0074 
0.08043502004982672,0.0,0.0,0.00798 
0.08076059671434468,0.0,0.0,0.0085 
0.08108617337886266,0.0,0.0,0.00899 
0.08141175004338062,0.0,0.0,0.00968 
0.08173732670789859,0.0,0.0,0.01031 
0.08206290337241656,0.0,0.0,0.01087 
0.08238848003693452,0.0,0.0,0.01151 
0.08271405670145249,0.0,0.0,0.01224 
0.08303963336597046,0.0,0.0,0.01295 
0.08336521003048843,0.0,0.0,0.01365 
0.08369078669500639,0.0,0.0,0.01436 
0.08401636335952437,0.0,0.0,0.01514 
0.08434194002404233,0.0,0.0,0.01609 
0.08466751668856029,0.0,0.0,0.01711 
0.08499309335307825,0.0,0.0,0.01811 
0.08531867001759623,0.0,0.0,0.01907 
0.08564424668211419,0.0,0.0,0.01997 
0.08596982334663215,0.025,0.0,0.02107 
0.08629540001115013,0.025,0.0,0.02228 
0.0866209766756681,0.025,0.0,0.02355 
0.08694655334018606,0.025,0.0,0.02463 
0.08727213000470403,0.025,0.0,0.0262 
0.087597706669222,0.025,0.0,0.02761 
0.08792328333373996,0.025,0.0,0.02886 
0.08824885999825793,0.025,0.0,0.0304 
0.0885744366627759,0.05,0.0,0.03196 
0.08890001332729386,0.05,0.0,0.03343 
0.08922558999181182,0.05,0.0,0.03513 
0.0895511666563298,0.05,0.0,0.03694 
0.08987674332084776,0.05,0.0,0.03872 
0.09020231998536572,0.05,0.0,0.0406 
0.0905278966498837,0.075,0.0,0.04262 
0.09085347331440166,0.075,0.0,0.04447 
0.09117904997891962,0.075,0.0,0.04621 
0.0915046266434376,0.1,0.0,0.04823 
0.09183020330795556,0.1,0.0,0.05046 
0.09215577997247353,0.1,0.0,0.05266 
0.0924813566369915,0.1,0.0,0.05487 
0.09280693330150946,0.1,0.0,0.05726 
0.09313250996602743,0.1,0.0,0.0598 
0.09345808663054539,0.1,0.0,0.06221 
0.09378366329506337,0.1,0.0,0.0646 
0.09410923995958133,0.1,0.0,0.06724 
0.09443481662409929,0.1,0.0,0.06999 
0.09476039328861727,0.1,0.0,0.07275 
0.09508596995313523,0.1,0.0,0.07567 
0.09541154661765319,0.1,0.0,0.07832 
0.09573712328217115,0.1,0.0,0.08125 
0.09606269994668913,0.1,0.0,0.08425 
0.0963882766112071,0.1,0.0,0.08744 
0.09671385327572507,0.125,0.0,0.09035 
0.09703942994024303,0.125,0.0,0.09355 
0.097365006604761,0.125,0.0,0.09683 
0.09769058326927896,0.125,0.0,0.10026 
0.09801615993379693,0.15,0.0,0.10366 
0.0983417365983149,0.15,0.0,0.10731 
0.09866731326283286,0.15,0.0,0.11076 
0.09899288992735084,0.15,0.0,0.11458 
0.0993184665918688,0.175,0.0,0.11822 
0.09964404325638676,0.175,0.0,0.12185 
0.09996961992090472,0.175,0.0,0.1257 
0.1002951965854227,0.175,1e-05,0.12972 
0.10062077324994066,0.175,1e-05,0.13383 
0.10094634991445864,0.175,1e-05,0.13792 
0.1012719265789766,0.2,2e-05,0.1422 
0.10159750324349456,0.2,2e-05,0.14674 
0.10192307990801253,0.2,3e-05,0.15101 
0.1022486565725305,0.2,3e-05,0.15535 
0.10257423323704846,0.2,4e-05,0.15952 
0.10289980990156644,0.225,9e-05,0.16403 
0.1032253865660844,0.225,0.0001,0.16842 
0.10355096323060237,0.25,0.00012,0.17311 
0.10387653989512033,0.25,0.00016,0.17803 
0.10420211655963829,0.25,0.0002,0.18274 
0.10452769322415627,0.275,0.00026,0.18731 
0.10485326988867423,0.275,0.0003,0.1922 
0.1051788465531922,0.275,0.00034,0.19706 
0.10550442321771017,0.275,0.00045,0.20188 
0.10582999988222813,0.275,0.00061,0.20658 
0.1061555765467461,0.275,0.00088,0.21183 
0.10648115321126407,0.275,0.00113,0.21624 
0.10680672987578203,0.275,0.00148,0.22151 
0.10713230654030001,0.275,0.00182,0.22648 
0.10745788320481797,0.275,0.00223,0.23162 
0.10778345986933593,0.3,0.00271,0.23645 
0.1081090365338539,0.3,0.00326,0.2413 
0.10843461319837186,0.3,0.0038,0.24646 
0.10876018986288984,0.3,0.00445,0.25208 
0.1090857665274078,0.3,0.00523,0.25764 
0.10941134319192578,0.325,0.00621,0.26308 
0.10973691985644374,0.325,0.00712,0.26861 
0.1100624965209617,0.325,0.00808,0.27418 
0.11038807318547966,0.35,0.0094,0.27971 
0.11071364984999764,0.35,0.01098,0.28495 
0.1110392265145156,0.35,0.0127,0.29075 
0.11136480317903358,0.35,0.01474,0.2965 
0.11169037984355154,0.375,0.01697,0.30227 
0.1120159565080695,0.375,0.01931,0.3082 
0.11234153317258747,0.375,0.02211,0.314 
0.11266710983710543,0.375,0.02505,0.3197 
0.1129926865016234,0.375,0.0286,0.32478 
0.11331826316614138,0.375,0.03232,0.3305 
0.11364383983065934,0.375,0.03659,0.33616 
0.1139694164951773,0.375,0.04122,0.34207 
0.11429499315969527,0.375,0.04618,0.34798 
0.11462056982421323,0.375,0.05155,0.35345 
0.11494614648873121,0.375,0.05783,0.35891 
0.11527172315324917,0.375,0.06506,0.36491 
0.11559729981776715,0.4,0.07218,0.37059 
0.11592287648228511,0.4,0.07998,0.37632 
0.11624845314680307,0.4,0.08828,0.38178 
0.11657402981132103,0.4,0.09739,0.38769 
0.116899606475839,0.425,0.10726,0.39349 
0.11722518314035697,0.425,0.11737,0.39918 
0.11755075980487495,0.425,0.12867,0.40507 
0.11787633646939291,0.425,0.14051,0.41067 
0.11820191313391087,0.425,0.15316,0.41685 
0.11852748979842884,0.425,0.16629,0.42259 
0.1188530664629468,0.425,0.18051,0.42863 
0.11917864312746478,0.425,0.19523,0.43457 
0.11950421979198274,0.425,0.21031,0.44071 
0.11982979645650071,0.45,0.22563,0.44688 
0.12015537312101868,0.475,0.24223,0.45251 
0.12048094978553664,0.475,0.25945,0.45854 
0.1208065264500546,0.475,0.27643,0.46418 
0.12113210311457256,0.475,0.29397,0.4698 
0.12145767977909054,0.475,0.31255,0.47553 
0.12178325644360852,0.475,0.33218,0.48125 
0.12210883310812648,0.475,0.35117,0.48675 
0.12243440977264444,0.5,0.3712,0.49265 
0.1227599864371624,0.55,0.39218,0.49843 
0.12308556310168037,0.55,0.4127,0.50418 
0.12341113976619834,0.55,0.43389,0.50983 
0.1237367164307163,0.55,0.45476,0.51551 
0.12406229309523428,0.55,0.47449,0.52164 
0.12438786975975225,0.575,0.49483,0.52743 
0.12471344642427021,0.575,0.51625,0.53273 
0.12503902308878817,0.575,0.53683,0.53823 
0.12536459975330613,0.575,0.55702,0.54399 
0.1256901764178241,0.575,0.57734,0.54975 
0.12601575308234209,0.575,0.59817,0.55531 
0.12634132974686005,0.575,0.61848,0.56043 
0.126666906411378,0.575,0.63837,0.56589 
0.12699248307589597,0.575,0.65735,0.57089 
0.12731805974041394,0.6,0.67632,0.57613 
0.12764363640493193,0.625,0.69365,0.58169 
0.12796921306944986,0.625,0.71194,0.58719 
0.12829478973396785,0.625,0.72993,0.59221 
0.1286203663984858,0.65,0.74563,0.59753 
0.12894594306300378,0.65,0.76248,0.60268 
0.12927151972752174,0.65,0.77777,0.6077 
0.1295970963920397,0.65,0.79194,0.61291 
0.1299226730565577,0.65,0.80622,0.6184 
0.13024824972107565,0.65,0.8198,0.62306 
0.13057382638559362,0.65,0.83298,0.6279 
0.13089940305011158,0.675,0.84538,0.63287 
0.13122497971462954,0.725,0.85685,0.63828 
0.1315505563791475,0.725,0.86783,0.64348 
0.13187613304366547,0.725,0.87847,0.64825 
0.13220170970818346,0.725,0.88826,0.65265 
0.13252728637270142,0.725,0.89802,0.65722 
0.13285286303721938,0.725,0.90684,0.66204 
0.13317843970173734,0.725,0.91544,0.66683 
0.1335040163662553,0.75,0.9227,0.67143 
0.13382959303077327,0.75,0.92955,0.67605 
0.13415516969529123,0.75,0.93613,0.68075 
0.13448074635980922,0.75,0.9421,0.68546 
0.13480632302432718,0.75,0.94706,0.68988 
0.13513189968884515,0.75,0.95202,0.69418 
0.1354574763533631,0.75,0.95662,0.6988 
0.13578305301788107,0.75,0.96064,0.70336 
0.13610862968239906,0.75,0.96466,0.70807 
0.136434206346917,0.75,0.96832,0.71196 
0.136759783011435,0.75,0.97148,0.7158 
0.13708535967595295,0.75,0.97461,0.72004 
0.1374109363404709,0.75,0.97754,0.72424 
0.13773651300498888,0.75,0.98016,0.72843 
0.13806208966950684,0.75,0.98221,0.73232 
0.13838766633402483,0.75,0.98408,0.73653 
0.1387132429985428,0.75,0.98607,0.74042 
0.13903881966306075,0.75,0.98761,0.74425 
0.13936439632757872,0.75,0.98913,0.74829 
0.13968997299209668,0.75,0.99027,0.7518 
0.14001554965661467,0.775,0.99153,0.75545 
0.1403411263211326,0.775,0.99262,0.75927 
0.1406667029856506,0.775,0.99348,0.76284 
0.14099227965016853,0.8,0.99435,0.76664 
0.14131785631468652,0.8,0.99513,0.77027 
0.14164343297920448,0.8,0.99568,0.77358 
0.14196900964372244,0.8,0.9963,0.777 
0.14229458630824043,0.8,0.99672,0.78043 
0.14262016297275837,0.8,0.99716,0.78402 
0.14294573963727636,0.8,0.99763,0.7871 
0.14327131630179432,0.8,0.99793,0.79063 
0.14359689296631228,0.8,0.99817,0.79371 
0.14392246963083025,0.8,0.9985,0.7967 
0.1442480462953482,0.8,0.99872,0.79998 
0.1445736229598662,0.8,0.99892,0.80318 
0.14489919962438413,0.8,0.99915,0.80635 
0.14522477628890212,0.8,0.99929,0.80964 
0.1455503529534201,0.8,0.99937,0.81283 
0.14587592961793805,0.8,0.99941,0.81569 
0.146201506282456,0.8,0.99947,0.81848 
0.14652708294697397,0.8,0.99963,0.82156 
0.14685265961149196,0.8,0.99969,0.82429 
0.1471782362760099,0.8,0.99978,0.82732 
0.1475038129405279,0.8,0.99986,0.83037 
0.14782938960504585,0.8,0.99989,0.83334 
0.14815496626956381,0.8,0.9999,0.83604 
0.1484805429340818,0.8,0.99992,0.839 
0.14880611959859974,0.8,0.99994,0.84155 
0.14913169626311773,0.8,0.99994,0.84427 
0.1494572729276357,0.8,0.99994,0.84678 
0.14978284959215366,0.825,0.99994,0.84943 
0.15010842625667162,0.825,0.99995,0.85175 
0.15043400292118958,0.825,0.99997,0.85426 
0.15075957958570757,0.825,0.99997,0.85681 
0.1510851562502255,0.825,0.99997,0.85939 
0.1514107329147435,0.825,0.99998,0.86178 
0.15173630957926146,0.825,0.99999,0.86417 
0.15206188624377942,0.825,1.0,0.86672 
0.15238746290829738,0.825,1.0,0.869 
0.15271303957281535,0.825,1.0,0.87133 
0.15303861623733334,0.825,1.0,0.87366 
0.15336419290185127,0.825,1.0,0.87611 
0.15368976956636926,0.85,1.0,0.87832 
0.15401534623088722,0.875,1.0,0.88033 
0.15434092289540519,0.875,1.0,0.88245 
0.15466649955992315,0.875,1.0,0.88444 
0.1549920762244411,0.875,1.0,0.88651 
0.1553176528889591,0.875,1.0,0.88834 
0.15564322955347704,0.875,1.0,0.89057 
0.15596880621799503,0.875,1.0,0.8924 
0.156294382882513,0.875,1.0,0.89428 
0.15661995954703095,0.875,1.0,0.89608 
0.15694553621154894,0.875,1.0,0.89804 
0.15727111287606688,0.875,1.0,0.89991 
0.15759668954058487,0.875,1.0,0.90174 
0.15792226620510283,0.875,1.0,0.90351 
0.1582478428696208,0.875,1.0,0.90534 
0.15857341953413875,0.875,1.0,0.90703 
0.15889899619865672,0.9,1.0,0.90862 
0.1592245728631747,0.9,1.0,0.91023 
0.15955014952769264,0.9,1.0,0.91166 
0.15987572619221063,0.9,1.0,0.91308 
0.1602013028567286,0.9,1.0,0.91469 
0.16052687952124656,0.9,1.0,0.91636 
0.16085245618576452,0.9,1.0,0.91797 
0.16117803285028248,0.9,1.0,0.91953 
0.16150360951480047,0.9,1.0,0.92099 
0.1618291861793184,0.9,1.0,0.9223 
0.1621547628438364,0.9,1.0,0.92367 
0.16248033950835436,0.9,1.0,0.92517 
0.16280591617287232,0.925,1.0,0.92661 
0.16313149283739029,0.925,1.0,0.92794 
0.16345706950190825,0.925,1.0,0.92922 
0.16378264616642624,0.925,1.0,0.93068 
0.16410822283094417,0.925,1.0,0.932 
0.16443379949546216,0.925,1.0,0.9332 
0.16475937615998013,0.925,1.0,0.93459 
0.1650849528244981,0.925,1.0,0.93581 
0.16541052948901608,0.925,1.0,0.93723 
0.165736106153534,0.925,1.0,0.93827 
0.166061682818052,0.925,1.0,0.93929 
0.16638725948256997,0.925,1.0,0.94033 
0.16671283614708793,0.925,1.0,0.94124 
0.1670384128116059,0.925,1.0,0.94245 
0.16736398947612385,0.925,1.0,0.94335 
0.16768956614064184,0.925,1.0,0.94455 
0.16801514280515978,0.925,1.0,0.94566 
0.16834071946967777,0.925,1.0,0.94659 
0.16866629613419573,0.925,1.0,0.94762 
0.1689918727987137,0.925,1.0,0.94869 
0.16931744946323166,0.925,1.0,0.94965 
0.16964302612774962,0.925,1.0,0.95067 
0.1699686027922676,0.925,1.0,0.95164 
0.17029417945678554,0.925,1.0,0.95251 
0.17061975612130353,0.925,1.0,0.9534 
0.1709453327858215,0.925,1.0,0.95435 
0.17127090945033946,0.95,1.0,0.95539 
0.17159648611485742,0.95,1.0,0.95627 
0.17192206277937538,0.95,1.0,0.95723 
0.17224763944389337,0.95,1.0,0.95818 
0.1725732161084113,0.95,1.0,0.95897 
0.1728987927729293,0.95,1.0,0.95991 
0.17322436943744726,0.95,1.0,0.96074 
0.17354994610196522,0.95,1.0,0.96158 
0.17387552276648321,0.95,1.0,0.96241 
0.17420109943100115,0.95,1.0,0.96302 
0.17452667609551914,0.95,1.0,0.96384 
0.1748522527600371,0.95,1.0,0.96462 
0.17517782942455506,0.95,1.0,0.96541 
0.17550340608907303,0.95,1.0,0.96608 
0.175828982753591,0.95,1.0,0.9667 
0.17615455941810898,0.95,1.0,0.96728 
0.17648013608262691,0.95,1.0,0.96798 
0.1768057127471449,0.95,1.0,0.96872 
0.17713128941166287,0.95,1.0,0.9694 
0.17745686607618083,0.95,1.0,0.96994 
0.1777824427406988,0.95,1.0,0.97047 
0.17810801940521676,0.95,1.0,0.9711 
0.17843359606973475,0.95,1.0,0.97176 
0.17875917273425268,0.95,1.0,0.9723 
0.17908474939877067,0.95,1.0,0.97303 
0.17941032606328863,0.95,1.0,0.97355 
0.1797359027278066,0.95,1.0,0.97407 
0.18006147939232459,0.95,1.0,0.97463 
0.18038705605684252,0.95,1.0,0.9751 
0.1807126327213605,0.95,1.0,0.97548 
0.18103820938587845,0.95,1.0,0.97588 
0.18136378605039644,0.95,1.0,0.9764 
0.1816893627149144,0.95,1.0,0.97682 
0.18201493937943236,0.95,1.0,0.97726 
0.18234051604395035,0.95,1.0,0.97773 
0.1826660927084683,0.95,1.0,0.97813 
0.18299166937298628,0.95,1.0,0.97859 
0.18331724603750424,0.95,1.0,0.97896 
0.1836428227020222,0.95,1.0,0.9794 
0.18396839936654016,0.95,1.0,0.97975 
0.18429397603105813,0.95,1.0,0.98009 
0.18461955269557612,0.95,1.0,0.9805 
0.18494512936009405,0.95,1.0,0.98087 
0.18527070602461204,0.95,1.0,0.9813 
0.18559628268913,0.95,1.0,0.98178 
0.18592185935364797,0.95,1.0,0.98221 
0.18624743601816593,0.95,1.0,0.98264 
0.1865730126826839,0.95,1.0,0.98298 
0.18689858934720188,0.95,1.0,0.98339 
0.18722416601171982,0.95,1.0,0.98375 
0.1875497426762378,0.95,1.0,0.98407 
0.18787531934075577,0.95,1.0,0.9844 
0.18820089600527373,0.95,1.0,0.98487 
0.18852647266979172,0.95,1.0,0.98523 
0.18885204933430966,0.95,1.0,0.98558 
0.18917762599882765,0.975,1.0,0.98586 
0.18950320266334558,0.975,1.0,0.98624 
0.18982877932786357,0.975,1.0,0.98659 
0.19015435599238154,0.975,1.0,0.98692 
0.1904799326568995,0.975,1.0,0.98715 
0.1908055093214175,0.975,1.0,0.98742 
0.19113108598593542,0.975,1.0,0.98772 
0.1914566626504534,0.975,1.0,0.98803 
0.19178223931497138,0.975,1.0,0.98829 
0.19210781597948934,0.975,1.0,0.98852 
0.1924333926440073,0.975,1.0,0.98874 
0.19275896930852526,0.975,1.0,0.98894 
0.19308454597304325,0.975,1.0,0.98907 
0.1934101226375612,0.975,1.0,0.98932 
0.19373569930207918,0.975,1.0,0.98957 
0.19406127596659714,0.975,1.0,0.98979 
0.1943868526311151,0.975,1.0,0.98996 
0.19471242929563307,0.975,1.0,0.9902 
0.19503800596015103,0.975,1.0,0.99036 
0.19536358262466902,0.975,1.0,0.99058 
0.19568915928918695,0.975,1.0,0.99079 
0.19601473595370494,0.975,1.0,0.99101 
0.1963403126182229,0.975,1.0,0.99122 
0.19666588928274087,0.975,1.0,0.99152 
0.19699146594725886,0.975,1.0,0.99173 
0.1973170426117768,0.975,1.0,0.99186 
0.19764261927629478,0.975,1.0,0.99195 
0.19796819594081272,0.975,1.0,0.99211 
0.1982937726053307,0.975,1.0,0.99226 
0.19861934926984867,0.975,1.0,0.99247 
0.19894492593436663,0.975,1.0,0.99262 
0.19927050259888462,0.975,1.0,0.99272 
0.19959607926340256,0.975,1.0,0.9929 
0.19992165592792055,0.975,1.0,0.99307 
0.2002472325924385,0.975,1.0,0.99316 
0.20057280925695647,0.975,1.0,0.99333 
0.20089838592147444,0.975,1.0,0.99348 
0.2012239625859924,0.975,1.0,0.99361 
0.2015495392505104,0.975,1.0,0.99368 
0.20187511591502832,0.975,1.0,0.99383 
0.20220069257954632,0.975,1.0,0.994 
0.20252626924406425,0.975,1.0,0.99412 
0.20285184590858224,0.975,1.0,0.99419 
0.20317742257310023,0.975,1.0,0.99429 
0.20350299923761817,0.975,1.0,0.99437 
0.20382857590213616,0.975,1.0,0.99454 
0.2041541525666541,0.975,1.0,0.99464 
0.20447972923117208,0.975,1.0,0.99484 
0.20480530589569002,0.975,1.0,0.99498 
0.205130882560208,0.975,1.0,0.99508 
0.205456459224726,0.975,1.0,0.99513 
0.20578203588924393,0.975,1.0,0.99521 
0.20610761255376192,0.975,1.0,0.99528 
0.20643318921827986,0.975,1.0,0.9954 
0.20675876588279785,0.975,1.0,0.9955 
0.20708434254731584,0.975,1.0,0.99562 
0.20740991921183377,0.975,1.0,0.99566 
0.20773549587635176,0.975,1.0,0.99576 
0.2080610725408697,0.975,1.0,0.99588 
0.2083866492053877,0.975,1.0,0.99594 
0.20871222586990562,0.975,1.0,0.99601 
0.2090378025344236,0.975,1.0,0.99612 
0.2093633791989416,0.975,1.0,0.99622 
0.20968895586345954,0.975,1.0,0.99634 
0.21001453252797753,0.975,1.0,0.99643 
0.21034010919249546,0.975,1.0,0.99651 
0.21066568585701345,0.975,1.0,0.99659 
0.2109912625215314,0.975,1.0,0.99662 
0.21131683918604938,0.975,1.0,0.99668 
0.21164241585056737,0.975,1.0,0.99673 
0.2119679925150853,0.975,1.0,0.9968 
0.2122935691796033,0.975,1.0,0.99691 
0.21261914584412123,0.975,1.0,0.99698 
0.21294472250863922,0.975,1.0,0.99705 
0.21327029917315715,0.975,1.0,0.99711 
0.21359587583767514,0.975,1.0,0.99716 
0.21392145250219313,0.975,1.0,0.99722 
0.21424702916671107,0.975,1.0,0.99729 
0.21457260583122906,0.975,1.0,0.99737 
0.214898182495747,0.975,1.0,0.9974 
0.21522375916026498,0.975,1.0,0.99751 
0.21554933582478297,0.975,1.0,0.99753 
0.2158749124893009,0.975,1.0,0.99762 
0.2162004891538189,0.975,1.0,0.99767 
0.21652606581833683,0.975,1.0,0.99775 
0.21685164248285482,0.975,1.0,0.99782 
0.21717721914737276,0.975,1.0,0.99784 
0.21750279581189075,0.975,1.0,0.99788 
0.21782837247640874,0.975,1.0,0.99797 
0.21815394914092667,1.0,1.0,0.99801 
0.21847952580544466,1.0,1.0,0.99806 
0.2188051024699626,1.0,1.0,0.99811 
0.2191306791344806,1.0,1.0,0.99815 
0.21945625579899852,1.0,1.0,0.99818 
0.2197818324635165,1.0,1.0,0.99823 
0.2201074091280345,1.0,1.0,0.99826 
0.22043298579255244,1.0,1.0,0.9983 
0.22075856245707043,1.0,1.0,0.99834 
0.22108413912158836,1.0,1.0,0.99837 
0.22140971578610635,1.0,1.0,0.99842 
0.22173529245062434,1.0,1.0,0.99843 
0.22206086911514228,1.0,1.0,0.9985 
0.22238644577966027,1.0,1.0,0.99854 
0.2227120224441782,1.0,1.0,0.99855 
0.2230375991086962,1.0,1.0,0.99859 
0.22336317577321413,1.0,1.0,0.99861 
0.22368875243773212,1.0,1.0,0.99863 
0.2240143291022501,1.0,1.0,0.99867 
0.22433990576676804,1.0,1.0,0.99869 
0.22466548243128603,1.0,1.0,0.99874 
0.22499105909580397,1.0,1.0,0.99877 
0.22531663576032196,1.0,1.0,0.99881 
0.2256422124248399,1.0,1.0,0.99887 
0.22596778908935788,1.0,1.0,0.99888 
0.22629336575387587,1.0,1.0,0.99892 
0.2266189424183938,1.0,1.0,0.99897 
0.2269445190829118,1.0,1.0,0.99901 
0.22727009574742973,1.0,1.0,0.99904 
0.22759567241194772,1.0,1.0,0.99908 
0.22792124907646566,1.0,1.0,0.99909 
0.22824682574098365,1.0,1.0,0.99911 
0.22857240240550164,1.0,1.0,0.99911 
0.22889797907001957,1.0,1.0,0.99912 
0.22922355573453757,1.0,1.0,0.99915 
0.2295491323990555,1.0,1.0,0.99915 
0.2298747090635735,1.0,1.0,0.99916 
0.23020028572809148,1.0,1.0,0.99918 
0.23052586239260942,1.0,1.0,0.99919 
0.2308514390571274,1.0,1.0,0.99921 
0.23117701572164534,1.0,1.0,0.99922 
0.23150259238616333,1.0,1.0,0.99923 
0.23182816905068127,1.0,1.0,0.99927 
0.23215374571519926,1.0,1.0,0.99931 
0.23247932237971725,1.0,1.0,0.99932 
0.23280489904423518,1.0,1.0,0.99933 
0.23313047570875317,1.0,1.0,0.99934 
0.2334560523732711,1.0,1.0,0.99934 
0.2337816290377891,1.0,1.0,0.99935 
0.23410720570230703,1.0,1.0,0.99937 
0.23443278236682502,1.0,1.0,0.99938 
0.234758359031343,1.0,1.0,0.9994 
0.23508393569586095,1.0,1.0,0.99941 
0.23540951236037894,1.0,1.0,0.99941 
0.23573508902489687,1.0,1.0,0.99943 
0.23606066568941486,1.0,1.0,0.99944 
0.2363862423539328,1.0,1.0,0.99946 
0.2367118190184508,1.0,1.0,0.99947 
0.23703739568296878,1.0,1.0,0.99948 
0.2373629723474867,1.0,1.0,0.9995 
0.2376885490120047,1.0,1.0,0.99952 
0.23801412567652264,1.0,1.0,0.99952 
0.23833970234104063,1.0,1.0,0.99954 
0.23866527900555862,1.0,1.0,0.99954 
0.23899085567007655,1.0,1.0,0.99954 
0.23931643233459454,1.0,1.0,0.99954 
0.2396420089991125,1.0,1.0,0.99954 
