x,eeg_cdf,wishart_cdf,t_wishart_cdf 
0.0007561976117818155,0.0,0.0,0.00476 
0.0007690239633654602,0.0,0.0,0.00553 
0.0007818503149491048,0.0,0.0,0.00626 
0.0007946766665327495,0.0,0.0,0.00729 
0.0008075030181163941,0.0,0.0,0.00826 
0.0008203293697000387,0.0,0.0,0.00927 
0.0008331557212836833,0.0,0.0,0.01043 
0.000845982072867328,0.025,0.0,0.01191 
0.0008588084244509726,0.025,0.0,0.01324 
0.0008716347760346172,0.025,0.0,0.01472 
0.0008844611276182619,0.025,0.0,0.01655 
0.0008972874792019065,0.025,0.0,0.01813 
0.0009101138307855512,0.05,0.0,0.01997 
0.0009229401823691958,0.05,0.0,0.02206 
0.0009357665339528405,0.075,0.0,0.02425 
0.000948592885536485,0.075,0.0,0.02643 
0.0009614192371201297,0.075,0.0,0.02885 
0.0009742455887037743,0.1,0.0,0.03125 
0.000987071940287419,0.1,0.0,0.03394 
0.0009998982918710637,0.1,0.0,0.03657 
0.0010127246434547084,0.125,0.0,0.03954 
0.0010255509950383528,0.125,0.0,0.04201 
0.0010383773466219974,0.125,0.0,0.04507 
0.001051203698205642,0.125,0.0,0.0482 
0.0010640300497892867,0.125,0.0,0.05169 
0.0010768564013729314,0.125,0.0,0.05531 
0.001089682752956576,0.125,0.0,0.05895 
0.0011025091045402207,0.125,0.0,0.06269 
0.0011153354561238653,0.125,0.0,0.06671 
0.00112816180770751,0.15,0.0,0.07091 
0.0011409881592911546,0.15,0.0,0.07533 
0.0011538145108747992,0.175,0.0,0.07965 
0.001166640862458444,0.175,0.0,0.08404 
0.0011794672140420885,0.175,0.0,0.08833 
0.0011922935656257332,0.2,0.0,0.09294 
0.0012051199172093776,0.2,0.0,0.09761 
0.0012179462687930223,0.2,0.0,0.10288 
0.001230772620376667,0.2,0.0,0.10804 
0.0012435989719603116,0.2,1e-05,0.11311 
0.0012564253235439562,0.2,1e-05,0.11839 
0.0012692516751276008,0.2,1e-05,0.12365 
0.0012820780267112455,0.2,1e-05,0.12901 
0.0012949043782948901,0.2,1e-05,0.13536 
0.0013077307298785348,0.2,2e-05,0.14075 
0.0013205570814621794,0.2,2e-05,0.1469 
0.001333383433045824,0.2,2e-05,0.15277 
0.0013462097846294687,0.225,2e-05,0.15903 
0.0013590361362131134,0.225,2e-05,0.16516 
0.001371862487796758,0.275,3e-05,0.1716 
0.0013846888393804027,0.275,3e-05,0.17812 
0.0013975151909640473,0.275,4e-05,0.18434 
0.001410341542547692,0.275,4e-05,0.19059 
0.0014231678941313366,0.275,7e-05,0.19737 
0.0014359942457149812,0.275,9e-05,0.20409 
0.001448820597298626,0.275,0.00014,0.21091 
0.0014616469488822705,0.275,0.00019,0.21768 
0.0014744733004659152,0.275,0.00023,0.22494 
0.0014872996520495598,0.3,0.00039,0.23154 
0.0015001260036332045,0.3,0.00057,0.23845 
0.0015129523552168491,0.3,0.00089,0.24527 
0.0015257787068004936,0.3,0.00121,0.2523 
0.0015386050583841382,0.3,0.00157,0.25933 
0.0015514314099677828,0.3,0.00203,0.26608 
0.0015642577615514275,0.3,0.00249,0.27333 
0.0015770841131350721,0.3,0.00323,0.28007 
0.0015899104647187168,0.35,0.004,0.28733 
0.0016027368163023614,0.35,0.00499,0.29459 
0.001615563167886006,0.35,0.00627,0.302 
0.0016283895194696507,0.35,0.00792,0.30956 
0.0016412158710532952,0.35,0.00964,0.31634 
0.0016540422226369398,0.35,0.01172,0.32293 
0.0016668685742205844,0.35,0.01404,0.33003 
0.001679694925804229,0.35,0.01714,0.33699 
0.0016925212773878737,0.35,0.02051,0.34382 
0.0017053476289715184,0.35,0.02416,0.35129 
0.001718173980555163,0.35,0.02844,0.35811 
0.0017310003321388077,0.35,0.03333,0.36531 
0.0017438266837224523,0.35,0.03921,0.3724 
0.001756653035306097,0.375,0.04516,0.37974 
0.0017694793868897416,0.375,0.05258,0.38666 
0.0017823057384733863,0.375,0.06127,0.39369 
0.001795132090057031,0.375,0.07075,0.40071 
0.0018079584416406756,0.375,0.08059,0.40769 
0.0018207847932243202,0.375,0.09118,0.41463 
0.0018336111448079648,0.375,0.10343,0.4214 
0.0018464374963916095,0.375,0.11568,0.42818 
0.0018592638479752541,0.375,0.13007,0.43475 
0.0018720901995588988,0.375,0.14499,0.44134 
0.0018849165511425434,0.375,0.16106,0.44789 
0.001897742902726188,0.375,0.17735,0.45463 
0.0019105692543098327,0.375,0.19572,0.46145 
0.0019233956058934774,0.375,0.21519,0.46813 
0.001936221957477122,0.375,0.23514,0.47489 
0.0019490483090607667,0.4,0.25629,0.48189 
0.0019618746606444113,0.4,0.27725,0.48829 
0.001974701012228056,0.4,0.29958,0.49524 
0.0019875273638117006,0.4,0.32235,0.50162 
0.0020003537153953452,0.4,0.34701,0.5078 
0.00201318006697899,0.425,0.37132,0.51397 
0.0020260064185626345,0.45,0.39578,0.52039 
0.002038832770146279,0.45,0.42128,0.52655 
0.0020516591217299234,0.45,0.44594,0.5332 
0.002064485473313568,0.45,0.47054,0.53942 
0.0020773118248972127,0.45,0.49586,0.54553 
0.0020901381764808573,0.45,0.5216,0.55186 
0.002102964528064502,0.45,0.5461,0.55819 
0.0021157908796481466,0.475,0.57084,0.56391 
0.0021286172312317913,0.525,0.59511,0.56968 
0.002141443582815436,0.55,0.61919,0.5758 
0.0021542699343990806,0.55,0.6432,0.5817 
0.002167096285982725,0.55,0.66552,0.58772 
0.00217992263756637,0.55,0.68684,0.59266 
0.0021927489891500145,0.55,0.70719,0.5984 
0.002205575340733659,0.55,0.72707,0.60358 
0.002218401692317304,0.55,0.74629,0.60904 
0.0022312280439009484,0.55,0.76485,0.61444 
0.002244054395484593,0.575,0.78284,0.62006 
0.0022568807470682377,0.575,0.79957,0.62526 
0.0022697070986518824,0.575,0.81579,0.63067 
0.002282533450235527,0.575,0.83049,0.63632 
0.0022953598018191717,0.575,0.84538,0.64118 
0.0023081861534028163,0.6,0.85843,0.64642 
0.002321012504986461,0.6,0.87119,0.65143 
0.0023338388565701056,0.625,0.88299,0.65636 
0.0023466652081537503,0.65,0.89344,0.66094 
0.002359491559737395,0.65,0.90341,0.6662 
0.0023723179113210396,0.65,0.91298,0.67097 
0.002385144262904684,0.675,0.92157,0.67573 
0.002397970614488329,0.675,0.9293,0.68063 
0.0024107969660719735,0.7,0.93616,0.68538 
0.002423623317655618,0.7,0.94255,0.68996 
0.002436449669239263,0.725,0.9483,0.6943 
0.0024492760208229074,0.725,0.95387,0.69842 
0.002462102372406552,0.725,0.95891,0.70294 
0.0024749287239901967,0.725,0.96342,0.7072 
0.0024877550755738414,0.725,0.96746,0.71175 
0.002500581427157486,0.725,0.97114,0.71583 
0.0025134077787411307,0.725,0.97441,0.72006 
0.002526234130324775,0.725,0.97765,0.72433 
0.0025390604819084195,0.725,0.98028,0.72807 
0.002551886833492064,0.75,0.98268,0.73211 
0.002564713185075709,0.75,0.98483,0.73602 
0.0025775395366593535,0.75,0.98683,0.7399 
0.002590365888242998,0.75,0.98865,0.74414 
0.0026031922398266428,0.75,0.98998,0.74794 
0.0026160185914102874,0.75,0.9914,0.75193 
0.002628844942993932,0.75,0.99246,0.75539 
0.0026416712945775767,0.75,0.99334,0.75925 
0.0026544976461612213,0.75,0.99428,0.76279 
0.002667323997744866,0.75,0.99522,0.76622 
0.0026801503493285106,0.75,0.99592,0.76964 
0.0026929767009121553,0.75,0.9965,0.77323 
0.0027058030524958,0.75,0.99705,0.77659 
0.0027186294040794446,0.75,0.99744,0.78007 
0.002731455755663089,0.775,0.99781,0.78342 
0.002744282107246734,0.775,0.99804,0.78677 
0.0027571084588303785,0.775,0.99832,0.79051 
0.002769934810414023,0.775,0.99853,0.7936 
0.002782761161997668,0.775,0.99884,0.7966 
0.0027955875135813124,0.775,0.99899,0.7995 
0.002808413865164957,0.775,0.99913,0.80264 
0.0028212402167486017,0.775,0.99923,0.80559 
0.0028340665683322464,0.775,0.99938,0.80834 
0.002846892919915891,0.775,0.99946,0.81121 
0.0028597192714995357,0.775,0.99955,0.81384 
0.00287254562308318,0.775,0.99961,0.81655 
0.0028853719746668245,0.775,0.9997,0.81935 
0.002898198326250469,0.775,0.99974,0.82185 
0.002911024677834114,0.775,0.99975,0.82439 
0.0029238510294177585,0.775,0.99978,0.8271 
0.002936677381001403,0.775,0.99981,0.82994 
0.0029495037325850478,0.775,0.99981,0.83245 
0.0029623300841686924,0.775,0.99984,0.83502 
0.002975156435752337,0.8,0.99984,0.8375 
0.0029879827873359817,0.8,0.99987,0.84028 
0.0030008091389196264,0.8,0.9999,0.84257 
0.003013635490503271,0.8,0.99991,0.84494 
0.0030264618420869156,0.8,0.99993,0.84717 
0.0030392881936705603,0.8,0.99994,0.84958 
0.003052114545254205,0.8,0.99995,0.85186 
0.0030649408968378496,0.8,0.99996,0.85413 
0.0030777672484214942,0.8,0.99997,0.85645 
0.003090593600005139,0.8,0.99999,0.85862 
0.0031034199515887835,0.8,0.99999,0.86078 
0.003116246303172428,0.8,1.0,0.86308 
0.003129072654756073,0.8,1.0,0.8653 
0.0031418990063397175,0.8,1.0,0.86702 
0.003154725357923362,0.8,1.0,0.86929 
0.0031675517095070068,0.8,1.0,0.87136 
0.0031803780610906514,0.8,1.0,0.87307 
0.003193204412674296,0.8,1.0,0.87523 
0.0032060307642579407,0.8,1.0,0.87715 
0.0032188571158415853,0.825,1.0,0.87892 
0.00323168346742523,0.825,1.0,0.88099 
0.0032445098190088746,0.825,1.0,0.88288 
0.0032573361705925193,0.825,1.0,0.88481 
0.003270162522176164,0.825,1.0,0.88642 
0.0032829888737598086,0.825,1.0,0.88816 
0.003295815225343453,0.825,1.0,0.88962 
0.003308641576927098,0.825,1.0,0.89106 
0.0033214679285107425,0.825,1.0,0.89272 
0.003334294280094387,0.825,1.0,0.89423 
0.0033471206316780314,0.825,1.0,0.8959 
0.003359946983261676,0.825,1.0,0.89724 
0.0033727733348453207,0.825,1.0,0.89894 
0.0033855996864289653,0.825,1.0,0.90048 
0.00339842603801261,0.825,1.0,0.90201 
0.0034112523895962546,0.825,1.0,0.90372 
0.0034240787411798992,0.825,1.0,0.90492 
0.003436905092763544,0.825,1.0,0.90648 
0.0034497314443471885,0.825,1.0,0.908 
0.003462557795930833,0.825,1.0,0.90957 
0.003475384147514478,0.85,1.0,0.91104 
0.0034882104990981225,0.85,1.0,0.91244 
0.003501036850681767,0.85,1.0,0.91366 
0.0035138632022654118,0.875,1.0,0.91525 
0.0035266895538490564,0.875,1.0,0.91659 
0.003539515905432701,0.875,1.0,0.91804 
0.0035523422570163457,0.875,1.0,0.91921 
0.0035651686085999904,0.875,1.0,0.92041 
0.003577994960183635,0.875,1.0,0.92159 
0.0035908213117672796,0.875,1.0,0.92274 
0.0036036476633509243,0.875,1.0,0.92397 
0.003616474014934569,0.875,1.0,0.92521 
0.0036293003665182136,0.875,1.0,0.92649 
0.0036421267181018582,0.875,1.0,0.92766 
0.003654953069685503,0.875,1.0,0.92871 
0.0036677794212691475,0.875,1.0,0.92995 
0.003680605772852792,0.875,1.0,0.93095 
0.003693432124436437,0.875,1.0,0.93197 
0.0037062584760200815,0.875,1.0,0.93322 
0.003719084827603726,0.875,1.0,0.93435 
0.0037319111791873708,0.875,1.0,0.93521 
0.0037447375307710154,0.875,1.0,0.93628 
0.00375756388235466,0.875,1.0,0.93726 
0.0037703902339383047,0.875,1.0,0.93819 
0.0037832165855219493,0.875,1.0,0.93931 
0.003796042937105594,0.875,1.0,0.94028 
0.003808869288689238,0.9,1.0,0.94122 
0.003821695640272883,0.9,1.0,0.94222 
0.0038345219918565275,0.9,1.0,0.94318 
0.003847348343440172,0.9,1.0,0.94404 
0.0038601746950238168,0.9,1.0,0.94495 
0.0038730010466074614,0.9,1.0,0.94568 
0.003885827398191106,0.9,1.0,0.94648 
0.0038986537497747507,0.9,1.0,0.94737 
0.003911480101358396,0.925,1.0,0.9482 
0.0039243064529420404,0.925,1.0,0.94885 
0.003937132804525685,0.925,1.0,0.9496 
0.00394995915610933,0.925,1.0,0.95049 
0.003962785507692974,0.925,1.0,0.95125 
0.003975611859276619,0.925,1.0,0.95197 
0.003988438210860264,0.925,1.0,0.95269 
0.004001264562443908,0.925,1.0,0.95333 
0.004014090914027553,0.925,1.0,0.95416 
0.004026917265611198,0.925,1.0,0.95497 
0.004039743617194842,0.925,1.0,0.95578 
0.004052569968778487,0.925,1.0,0.95638 
0.0040653963203621316,0.95,1.0,0.95701 
0.004078222671945776,0.95,1.0,0.95777 
0.004091049023529421,0.95,1.0,0.95837 
0.0041038753751130655,0.95,1.0,0.95894 
0.00411670172669671,0.95,1.0,0.95955 
0.004129528078280355,0.95,1.0,0.96016 
0.004142354429863999,0.95,1.0,0.9607 
0.004155180781447644,0.95,1.0,0.96127 
0.004168007133031289,0.95,1.0,0.96183 
0.004180833484614933,0.95,1.0,0.96252 
0.004193659836198578,0.95,1.0,0.96316 
0.004206486187782223,0.95,1.0,0.96368 
0.004219312539365867,0.95,1.0,0.96424 
0.004232138890949512,0.95,1.0,0.9649 
0.004244965242533157,0.95,1.0,0.96544 
0.004257791594116801,0.95,1.0,0.96586 
0.004270617945700446,0.95,1.0,0.96631 
0.00428344429728409,0.95,1.0,0.96669 
0.004296270648867734,0.95,1.0,0.96712 
0.004309097000451379,0.95,1.0,0.96764 
0.004321923352035024,0.95,1.0,0.96809 
0.004334749703618668,0.95,1.0,0.96855 
0.004347576055202313,0.95,1.0,0.96892 
0.0043604024067859576,0.95,1.0,0.96934 
0.004373228758369602,0.95,1.0,0.96993 
0.004386055109953247,0.95,1.0,0.97042 
0.0043988814615368915,0.95,1.0,0.97081 
0.004411707813120536,0.95,1.0,0.97123 
0.004424534164704181,0.95,1.0,0.97172 
0.004437360516287825,0.95,1.0,0.97216 
0.00445018686787147,0.95,1.0,0.97249 
0.004463013219455115,0.95,1.0,0.97287 
0.004475839571038759,0.95,1.0,0.9733 
0.004488665922622404,0.95,1.0,0.9736 
0.004501492274206049,0.95,1.0,0.9741 
0.004514318625789693,0.95,1.0,0.97452 
0.004527144977373338,0.95,1.0,0.97495 
0.004539971328956983,0.95,1.0,0.97533 
0.004552797680540627,0.95,1.0,0.97578 
0.004565624032124272,0.95,1.0,0.97613 
0.0045784503837079165,0.95,1.0,0.97651 
0.004591276735291561,0.95,1.0,0.97683 
0.004604103086875206,0.95,1.0,0.97719 
0.0046169294384588505,0.95,1.0,0.97754 
0.004629755790042495,0.95,1.0,0.97783 
0.00464258214162614,0.95,1.0,0.97813 
0.004655408493209784,0.95,1.0,0.97843 
0.004668234844793429,0.95,1.0,0.97869 
0.004681061196377074,0.95,1.0,0.97903 
0.004693887547960718,0.95,1.0,0.97924 
0.004706713899544363,0.95,1.0,0.97953 
0.004719540251128008,0.95,1.0,0.9799 
0.004732366602711652,0.95,1.0,0.98017 
0.004745192954295297,0.95,1.0,0.98044 
0.004758019305878942,0.95,1.0,0.98066 
0.004770845657462586,0.95,1.0,0.98092 
0.004783672009046231,0.95,1.0,0.98119 
0.0047964983606298755,0.95,1.0,0.98143 
0.00480932471221352,0.95,1.0,0.98167 
0.004822151063797165,0.95,1.0,0.98193 
0.0048349774153808095,0.95,1.0,0.98216 
0.004847803766964454,0.95,1.0,0.98242 
0.004860630118548099,0.95,1.0,0.98266 
0.004873456470131743,0.95,1.0,0.98287 
0.004886282821715388,0.95,1.0,0.98305 
0.004899109173299033,0.95,1.0,0.9833 
0.004911935524882677,0.95,1.0,0.98354 
0.004924761876466322,0.95,1.0,0.98382 
0.004937588228049967,0.95,1.0,0.9841 
0.004950414579633611,0.95,1.0,0.98431 
0.004963240931217256,0.95,1.0,0.98458 
0.004976067282800901,0.95,1.0,0.98485 
0.004988893634384544,0.95,1.0,0.98506 
0.005001719985968189,0.95,1.0,0.98523 
0.005014546337551834,0.95,1.0,0.98549 
0.005027372689135478,0.95,1.0,0.98575 
0.005040199040719123,0.95,1.0,0.98594 
0.005053025392302768,0.95,1.0,0.98614 
0.005065851743886412,0.95,1.0,0.98632 
0.005078678095470057,0.95,1.0,0.98652 
0.0050915044470537015,0.95,1.0,0.98665 
0.005104330798637346,0.95,1.0,0.98682 
0.005117157150220991,0.95,1.0,0.98701 
0.0051299835018046355,0.975,1.0,0.98715 
0.00514280985338828,0.975,1.0,0.98735 
0.005155636204971925,0.975,1.0,0.98752 
0.005168462556555569,0.975,1.0,0.98769 
0.005181288908139214,0.975,1.0,0.98786 
0.005194115259722859,0.975,1.0,0.98807 
0.005206941611306503,0.975,1.0,0.98826 
0.005219767962890148,0.975,1.0,0.98847 
0.005232594314473793,0.975,1.0,0.9887 
0.005245420666057437,0.975,1.0,0.98887 
0.005258247017641082,0.975,1.0,0.98904 
0.0052710733692247266,0.975,1.0,0.98914 
0.005283899720808371,0.975,1.0,0.98932 
0.005296726072392016,0.975,1.0,0.98943 
0.0053095524239756605,0.975,1.0,0.98959 
0.005322378775559305,0.975,1.0,0.98971 
0.00533520512714295,0.975,1.0,0.98988 
0.0053480314787265944,0.975,1.0,0.99005 
0.005360857830310239,0.975,1.0,0.99017 
0.005373684181893884,0.975,1.0,0.99029 
0.005386510533477528,0.975,1.0,0.99036 
0.005399336885061173,0.975,1.0,0.99048 
0.005412163236644818,0.975,1.0,0.99062 
0.005424989588228462,0.975,1.0,0.99073 
0.005437815939812107,0.975,1.0,0.99084 
0.005450642291395752,0.975,1.0,0.99099 
0.005463468642979396,0.975,1.0,0.9912 
0.005476294994563041,0.975,1.0,0.99124 
0.0054891213461466856,0.975,1.0,0.99137 
0.00550194769773033,0.975,1.0,0.99153 
0.005514774049313975,0.975,1.0,0.9916 
0.0055276004008976195,0.975,1.0,0.99172 
0.005540426752481264,0.975,1.0,0.99186 
0.005553253104064909,0.975,1.0,0.99194 
0.005566079455648553,0.975,1.0,0.99204 
0.005578905807232198,0.975,1.0,0.99213 
0.005591732158815843,0.975,1.0,0.99222 
0.005604558510399487,0.975,1.0,0.99233 
0.005617384861983132,0.975,1.0,0.99241 
0.005630211213566777,0.975,1.0,0.99248 
0.005643037565150421,0.975,1.0,0.99256 
0.005655863916734066,0.975,1.0,0.99268 
0.005668690268317711,0.975,1.0,0.99278 
0.005681516619901355,0.975,1.0,0.9929 
0.005694342971485,0.975,1.0,0.99302 
0.0057071693230686445,0.975,1.0,0.99313 
0.005719995674652289,0.975,1.0,0.99316 
0.005732822026235934,0.975,1.0,0.99321 
0.0057456483778195785,0.975,1.0,0.99327 
0.005758474729403223,0.975,1.0,0.99337 
0.005771301080986868,0.975,1.0,0.99343 
0.005784127432570512,0.975,1.0,0.99354 
0.005796953784154157,0.975,1.0,0.99363 
0.005809780135737802,0.975,1.0,0.99369 
0.005822606487321446,0.975,1.0,0.99381 
0.005835432838905091,0.975,1.0,0.99389 
0.005848259190488736,0.975,1.0,0.99393 
0.00586108554207238,0.975,1.0,0.99403 
0.005873911893656025,0.975,1.0,0.99407 
0.00588673824523967,0.975,1.0,0.99415 
0.005899564596823314,0.975,1.0,0.99424 
0.005912390948406959,0.975,1.0,0.9943 
0.005925217299990603,0.975,1.0,0.99434 
0.005938043651574247,0.975,1.0,0.9944 
0.005950870003157892,0.975,1.0,0.99447 
0.005963696354741537,0.975,1.0,0.99453 
0.005976522706325181,0.975,1.0,0.9946 
0.005989349057908826,0.975,1.0,0.99466 
0.0060021754094924705,0.975,1.0,0.99472 
0.006015001761076115,0.975,1.0,0.99477 
0.00602782811265976,0.975,1.0,0.99481 
0.0060406544642434045,0.975,1.0,0.99487 
0.006053480815827049,0.975,1.0,0.99491 
0.006066307167410694,0.975,1.0,0.99496 
0.006079133518994338,0.975,1.0,0.99505 
0.006091959870577983,0.975,1.0,0.99516 
0.006104786222161628,0.975,1.0,0.99529 
0.006117612573745272,0.975,1.0,0.99542 
0.006130438925328917,0.975,1.0,0.99551 
0.006143265276912562,0.975,1.0,0.99559 
0.006156091628496206,0.975,1.0,0.99566 
0.006168917980079851,0.975,1.0,0.99571 
0.006181744331663496,0.975,1.0,0.99577 
0.00619457068324714,0.975,1.0,0.99583 
0.006207397034830785,0.975,1.0,0.99587 
0.0062202233864144295,0.975,1.0,0.99592 
0.006233049737998074,0.975,1.0,0.99598 
0.006245876089581719,0.975,1.0,0.99603 
0.0062587024411653635,0.975,1.0,0.99608 
0.006271528792749008,0.975,1.0,0.99614 
0.006284355144332653,0.975,1.0,0.9962 
0.006297181495916297,0.975,1.0,0.99625 
0.006310007847499942,0.975,1.0,0.99631 
0.006322834199083587,0.975,1.0,0.99632 
0.006335660550667231,0.975,1.0,0.99638 
0.006348486902250876,0.975,1.0,0.99641 
0.006361313253834521,0.975,1.0,0.99646 
0.006374139605418165,0.975,1.0,0.9965 
0.00638696595700181,0.975,1.0,0.99654 
0.0063997923085854546,0.975,1.0,0.9966 
0.006412618660169099,0.975,1.0,0.99662 
0.006425445011752744,0.975,1.0,0.99668 
0.0064382713633363885,0.975,1.0,0.99673 
0.006451097714920033,0.975,1.0,0.99677 
0.006463924066503678,0.975,1.0,0.99682 
0.0064767504180873224,0.975,1.0,0.99687 
0.006489576769670967,0.975,1.0,0.99693 
0.006502403121254612,0.975,1.0,0.99696 
0.006515229472838256,1.0,1.0,0.99701 
0.006528055824421901,1.0,1.0,0.99706 
0.006540882176005546,1.0,1.0,0.99709 
0.00655370852758919,1.0,1.0,0.99711 
0.006566534879172835,1.0,1.0,0.99714 
0.00657936123075648,1.0,1.0,0.99716 
0.006592187582340124,1.0,1.0,0.9972 
0.006605013933923769,1.0,1.0,0.99723 
0.0066178402855074136,1.0,1.0,0.99724 
0.006630666637091058,1.0,1.0,0.99727 
0.006643492988674703,1.0,1.0,0.99727 
0.0066563193402583475,1.0,1.0,0.9973 
0.006669145691841992,1.0,1.0,0.99733 
0.006681972043425637,1.0,1.0,0.99736 
0.006694798395009281,1.0,1.0,0.99738 
0.006707624746592926,1.0,1.0,0.99742 
0.006720451098176571,1.0,1.0,0.99744 
0.006733277449760215,1.0,1.0,0.99749 
0.00674610380134386,1.0,1.0,0.99753 
0.006758930152927505,1.0,1.0,0.99756 
0.006771756504511149,1.0,1.0,0.99758 
0.006784582856094794,1.0,1.0,0.9976 
0.006797409207678439,1.0,1.0,0.99763 
0.006810235559262083,1.0,1.0,0.99765 
0.006823061910845728,1.0,1.0,0.99767 
0.0068358882624293725,1.0,1.0,0.99767 
0.006848714614013017,1.0,1.0,0.99771 
0.006861540965596661,1.0,1.0,0.99771 
0.006874367317180306,1.0,1.0,0.99775 
0.00688719366876395,1.0,1.0,0.9978 
0.006900020020347595,1.0,1.0,0.99781 
0.0069128463719312395,1.0,1.0,0.99784 
0.006925672723514884,1.0,1.0,0.99786 
0.006938499075098529,1.0,1.0,0.9979 
0.0069513254266821735,1.0,1.0,0.99793 
0.006964151778265818,1.0,1.0,0.99796 
0.006976978129849463,1.0,1.0,0.99799 
0.006989804481433107,1.0,1.0,0.99803 
0.007002630833016752,1.0,1.0,0.99804 
0.007015457184600397,1.0,1.0,0.99807 
0.007028283536184041,1.0,1.0,0.99809 
0.007041109887767686,1.0,1.0,0.99811 
0.007053936239351331,1.0,1.0,0.99814 
0.007066762590934975,1.0,1.0,0.99818 
0.00707958894251862,1.0,1.0,0.99818 
0.007092415294102265,1.0,1.0,0.99818 
0.007105241645685909,1.0,1.0,0.99819 
0.007118067997269554,1.0,1.0,0.99819 
0.0071308943488531985,1.0,1.0,0.99819 
0.007143720700436843,1.0,1.0,0.99823 
0.007156547052020488,1.0,1.0,0.99824 
