x,eeg_cdf,wishart_cdf,t_wishart_cdf 
16.67126646948853,0.0,0.0,0.00027 
16.685513503237733,0.0,0.0,0.00028 
16.699760536986933,0.0,0.0,0.00029 
16.714007570736136,0.0,0.0,0.0003 
16.72825460448534,0.0,0.0,0.00031 
16.742501638234543,0.0,0.0,0.00032 
16.756748671983743,0.0,0.0,0.00032 
16.770995705732947,0.0,0.0,0.00033 
16.78524273948215,0.0,0.0,0.00035 
16.79948977323135,0.0,0.0,0.00037 
16.813736806980554,0.0,0.0,0.00041 
16.827983840729758,0.0,0.0,0.00046 
16.842230874478958,0.0,0.0,0.00047 
16.85647790822816,0.0,0.0,0.00048 
16.870724941977365,0.0,0.0,0.00052 
16.884971975726568,0.0,0.0,0.00054 
16.899219009475768,0.0,0.0,0.00057 
16.91346604322497,0.0,0.0,0.00059 
16.927713076974175,0.0,0.0,0.00059 
16.941960110723375,0.0,0.0,0.00061 
16.95620714447258,0.0,0.0,0.00064 
16.970454178221782,0.0,0.0,0.00068 
16.984701211970986,0.0,0.0,0.00071 
16.998948245720186,0.0,0.0,0.00076 
17.01319527946939,0.0,0.0,0.00077 
17.027442313218593,0.0,0.0,0.00084 
17.041689346967793,0.0,0.0,0.00086 
17.055936380716997,0.0,0.0,0.00097 
17.0701834144662,0.0,0.0,0.001 
17.0844304482154,0.0,0.0,0.00106 
17.098677481964604,0.0,0.0,0.0011 
17.112924515713807,0.0,0.0,0.00116 
17.12717154946301,0.0,0.0,0.00121 
17.14141858321221,0.0,0.0,0.00128 
17.155665616961414,0.0,0.0,0.00136 
17.169912650710618,0.0,0.0,0.00143 
17.184159684459818,0.0,0.0,0.00149 
17.19840671820902,0.0,0.0,0.00157 
17.212653751958225,0.0,0.0,0.00163 
17.22690078570743,0.0,0.0,0.00175 
17.24114781945663,0.0,0.0,0.00186 
17.255394853205832,0.0,0.0,0.00194 
17.269641886955036,0.0,0.0,0.00203 
17.283888920704236,0.0,0.0,0.00207 
17.29813595445344,0.0,0.0,0.00218 
17.312382988202643,0.0,0.0,0.00234 
17.326630021951843,0.0,0.0,0.00249 
17.340877055701046,0.0,0.0,0.0026 
17.35512408945025,0.0,0.0,0.00273 
17.369371123199453,0.0,0.0,0.00288 
17.383618156948653,0.0,0.0,0.00299 
17.397865190697857,0.0,0.0,0.00316 
17.41211222444706,0.0,0.0,0.00331 
17.42635925819626,0.0,0.0,0.00351 
17.440606291945464,0.0,0.0,0.00368 
17.454853325694668,0.0,0.0,0.00391 
17.46910035944387,0.0,0.0,0.00407 
17.48334739319307,0.0,0.0,0.00416 
17.497594426942275,0.0,0.0,0.00437 
17.51184146069148,0.0,0.0,0.00453 
17.52608849444068,0.0,0.0,0.00476 
17.540335528189882,0.0,0.0,0.00496 
17.554582561939085,0.0,0.0,0.00516 
17.568829595688285,0.0,0.0,0.00544 
17.58307662943749,0.0,0.0,0.00558 
17.597323663186692,0.0,0.0,0.00582 
17.611570696935896,0.0,0.0,0.00609 
17.625817730685096,0.0,0.0,0.0063 
17.6400647644343,0.0,0.0,0.00655 
17.654311798183503,0.0,0.0,0.00677 
17.668558831932703,0.0,0.0,0.00705 
17.682805865681907,0.0,0.0,0.00738 
17.69705289943111,0.0,0.0,0.00767 
17.711299933180314,0.0,0.0,0.00811 
17.725546966929514,0.0,0.0,0.00842 
17.739794000678717,0.0,0.0,0.00876 
17.75404103442792,0.0,0.0,0.00924 
17.76828806817712,0.0,0.0,0.00957 
17.782535101926324,0.0,0.0,0.00996 
17.796782135675528,0.0,0.0,0.01038 
17.811029169424728,0.0,0.0,0.01079 
17.82527620317393,0.0,0.0,0.01124 
17.839523236923135,0.0,0.0,0.01176 
17.85377027067234,0.0,0.0,0.01239 
17.86801730442154,0.0,0.0,0.01285 
17.882264338170742,0.0,0.0,0.01329 
17.896511371919946,0.0,0.0,0.01388 
17.910758405669146,0.0,0.0,0.01441 
17.92500543941835,0.0,0.0,0.01507 
17.939252473167553,0.0,0.0,0.01566 
17.953499506916756,0.0,0.0,0.01622 
17.967746540665956,0.0,0.0,0.01698 
17.98199357441516,0.0,0.0,0.01773 
17.996240608164364,0.0,0.0,0.01859 
18.010487641913564,0.0,0.0,0.01952 
18.024734675662767,0.0,0.0,0.02038 
18.03898170941197,0.0,0.0,0.02111 
18.05322874316117,0.0,0.0,0.02206 
18.067475776910374,0.0,0.0,0.02297 
18.081722810659578,0.0,0.0,0.02395 
18.09596984440878,0.0,0.0,0.0249 
18.11021687815798,0.0,0.0,0.02585 
18.124463911907185,0.0,0.0,0.02687 
18.13871094565639,0.0,0.0,0.02782 
18.15295797940559,0.0,0.0,0.02891 
18.167205013154792,0.0,0.0,0.03001 
18.181452046903996,0.0,0.0,0.03127 
18.1956990806532,0.0,0.0,0.03259 
18.2099461144024,0.0,0.0,0.03368 
18.224193148151603,0.0,0.0,0.03489 
18.238440181900806,0.0,0.0,0.03625 
18.252687215650006,0.0,0.0,0.03781 
18.26693424939921,0.0,0.0,0.03937 
18.281181283148413,0.0,0.0,0.04071 
18.295428316897613,0.0,0.0,0.04235 
18.309675350646817,0.0,0.0,0.04382 
18.32392238439602,0.0,0.0,0.04536 
18.338169418145224,0.0,0.0,0.04709 
18.352416451894424,0.0,0.0,0.0489 
18.366663485643627,0.0,0.0,0.05087 
18.38091051939283,0.0,0.0,0.05259 
18.39515755314203,0.0,0.0,0.05467 
18.409404586891235,0.0,0.0,0.05651 
18.423651620640438,0.0,0.0,0.05856 
18.43789865438964,0.0,0.0,0.06058 
18.45214568813884,0.0,0.0,0.06272 
18.466392721888045,0.0,0.0,0.06494 
18.48063975563725,0.0,0.0,0.0672 
18.49488678938645,0.0,0.0,0.06956 
18.509133823135652,0.0,0.0,0.07198 
18.523380856884856,0.0,0.0,0.0742 
18.537627890634056,0.025,0.0,0.07656 
18.55187492438326,0.025,0.0,0.0791 
18.566121958132463,0.025,0.0,0.08165 
18.580368991881667,0.025,0.0,0.08455 
18.594616025630867,0.025,0.0,0.08734 
18.60886305938007,0.05,0.0,0.09034 
18.623110093129274,0.05,0.0,0.09323 
18.637357126878474,0.05,0.0,0.09623 
18.651604160627677,0.05,0.0,0.09888 
18.66585119437688,0.05,0.0,0.10188 
18.680098228126084,0.05,0.0,0.10484 
18.694345261875284,0.05,0.0,0.10808 
18.708592295624488,0.05,0.0,0.11144 
18.72283932937369,0.05,0.0,0.11452 
18.73708636312289,0.05,0.0,0.11791 
18.751333396872095,0.075,0.0,0.12148 
18.7655804306213,0.075,0.0,0.12485 
18.7798274643705,0.075,0.0,0.12855 
18.794074498119702,0.1,0.0,0.13219 
18.808321531868906,0.1,0.0,0.13633 
18.822568565618106,0.1,0.0,0.14038 
18.83681559936731,0.1,0.0,0.14412 
18.851062633116513,0.1,0.0,0.1483 
18.865309666865716,0.1,0.0,0.15289 
18.879556700614916,0.1,0.0,0.15729 
18.89380373436412,0.1,0.0,0.16147 
18.908050768113323,0.1,0.0,0.16613 
18.922297801862527,0.1,0.0,0.1708 
18.936544835611727,0.15,0.0,0.17564 
18.95079186936093,0.175,0.0,0.18015 
18.965038903110134,0.2,0.0,0.18506 
18.979285936859334,0.2,0.0,0.19009 
18.993532970608538,0.2,0.0,0.19479 
19.00778000435774,0.2,0.0,0.19981 
19.02202703810694,0.2,0.0,0.20506 
19.036274071856145,0.2,0.0,0.21028 
19.05052110560535,0.2,0.0,0.2154 
19.06476813935455,0.2,0.0,0.22082 
19.079015173103752,0.2,0.0,0.22642 
19.093262206852955,0.2,0.0,0.23197 
19.10750924060216,0.2,0.0,0.23772 
19.12175627435136,0.2,0.0,0.24345 
19.136003308100562,0.2,0.0,0.24919 
19.150250341849766,0.2,0.0,0.25472 
19.16449737559897,0.2,0.0,0.26058 
19.17874440934817,0.2,0.0,0.26661 
19.192991443097373,0.2,0.0,0.27226 
19.207238476846577,0.2,0.0,0.27828 
19.221485510595777,0.2,0.0,0.28454 
19.23573254434498,0.2,0.0,0.2908 
19.249979578094184,0.2,0.0,0.2974 
19.264226611843384,0.2,2e-05,0.3041 
19.278473645592587,0.225,7e-05,0.31051 
19.29272067934179,0.25,0.0002,0.3174 
19.30696771309099,0.25,0.00034,0.32388 
19.321214746840194,0.25,0.00074,0.33054 
19.335461780589398,0.25,0.00164,0.33727 
19.3497088143386,0.25,0.00355,0.34425 
19.3639558480878,0.25,0.00663,0.35121 
19.378202881837005,0.275,0.01243,0.35815 
19.39244991558621,0.3,0.02218,0.36532 
19.406696949335412,0.3,0.03786,0.37263 
19.420943983084612,0.3,0.06071,0.38032 
19.435191016833816,0.3,0.09305,0.3875 
19.44943805058302,0.325,0.137,0.39493 
19.46368508433222,0.35,0.19493,0.40208 
19.477932118081423,0.35,0.26391,0.40955 
19.492179151830626,0.375,0.34258,0.41742 
19.506426185579826,0.4,0.42887,0.42462 
19.52067321932903,0.4,0.51924,0.43247 
19.534920253078234,0.45,0.60744,0.44032 
19.549167286827434,0.45,0.69086,0.44833 
19.563414320576637,0.45,0.76437,0.45561 
19.57766135432584,0.45,0.82841,0.4634 
19.591908388075044,0.45,0.88091,0.47067 
19.606155421824244,0.475,0.91978,0.47777 
19.620402455573448,0.475,0.94881,0.48581 
19.63464948932265,0.475,0.96807,0.49421 
19.648896523071855,0.5,0.98117,0.50231 
19.663143556821055,0.5,0.98945,0.50976 
19.67739059057026,0.5,0.99441,0.51703 
19.691637624319462,0.5,0.99725,0.52503 
19.705884658068662,0.5,0.99861,0.53278 
19.720131691817866,0.5,0.99935,0.54107 
19.73437872556707,0.5,0.99971,0.54835 
19.74862575931627,0.5,0.99984,0.55608 
19.762872793065473,0.5,0.99993,0.56396 
19.777119826814676,0.525,0.99997,0.57228 
19.791366860563876,0.525,0.99998,0.57995 
19.80561389431308,0.525,0.99999,0.58774 
19.819860928062283,0.525,1.0,0.59515 
19.834107961811487,0.55,1.0,0.60272 
19.848354995560687,0.55,1.0,0.61024 
19.86260202930989,0.55,1.0,0.61764 
19.876849063059094,0.55,1.0,0.62549 
19.891096096808297,0.55,1.0,0.6329 
19.905343130557497,0.55,1.0,0.64024 
19.9195901643067,0.575,1.0,0.64745 
19.933837198055905,0.575,1.0,0.65456 
19.948084231805105,0.575,1.0,0.66184 
19.962331265554308,0.575,1.0,0.6691 
19.97657829930351,0.6,1.0,0.67587 
19.99082533305271,0.6,1.0,0.68336 
20.005072366801915,0.6,1.0,0.69053 
20.01931940055112,0.6,1.0,0.6972 
20.03356643430032,0.625,1.0,0.70472 
20.047813468049522,0.625,1.0,0.71133 
20.062060501798726,0.625,1.0,0.71806 
20.07630753554793,0.65,1.0,0.72448 
20.09055456929713,0.65,1.0,0.7312 
20.104801603046333,0.65,1.0,0.73781 
20.119048636795537,0.65,1.0,0.74431 
20.13329567054474,0.65,1.0,0.75055 
20.14754270429394,0.65,1.0,0.75688 
20.161789738043144,0.65,1.0,0.7633 
20.176036771792347,0.675,1.0,0.77007 
20.190283805541547,0.7,1.0,0.77604 
20.20453083929075,0.7,1.0,0.78238 
20.218777873039954,0.7,1.0,0.78847 
20.233024906789154,0.7,1.0,0.79437 
20.247271940538358,0.7,1.0,0.80042 
20.26151897428756,0.7,1.0,0.80647 
20.27576600803676,0.7,1.0,0.81225 
20.290013041785965,0.7,1.0,0.81785 
20.30426007553517,0.7,1.0,0.82324 
20.318507109284372,0.7,1.0,0.82887 
20.332754143033572,0.7,1.0,0.83403 
20.347001176782776,0.7,1.0,0.83902 
20.36124821053198,0.725,1.0,0.84434 
20.375495244281183,0.725,1.0,0.84926 
20.389742278030383,0.725,1.0,0.85445 
20.403989311779586,0.725,1.0,0.85904 
20.41823634552879,0.725,1.0,0.86361 
20.43248337927799,0.725,1.0,0.86819 
20.446730413027193,0.725,1.0,0.87233 
20.460977446776397,0.75,1.0,0.87642 
20.475224480525597,0.75,1.0,0.8804 
20.4894715142748,0.75,1.0,0.88494 
20.503718548024004,0.75,1.0,0.88906 
20.517965581773204,0.75,1.0,0.89309 
20.532212615522408,0.775,1.0,0.89698 
20.54645964927161,0.775,1.0,0.90022 
20.560706683020815,0.775,1.0,0.90367 
20.574953716770015,0.775,1.0,0.907 
20.58920075051922,0.775,1.0,0.91066 
20.603447784268422,0.775,1.0,0.91408 
20.617694818017625,0.775,1.0,0.91738 
20.631941851766825,0.775,1.0,0.9203 
20.64618888551603,0.8,1.0,0.9232 
20.660435919265232,0.8,1.0,0.92601 
20.674682953014432,0.8,1.0,0.92883 
20.688929986763636,0.825,1.0,0.93163 
20.70317702051284,0.825,1.0,0.93438 
20.71742405426204,0.825,1.0,0.93707 
20.731671088011243,0.825,1.0,0.93988 
20.745918121760447,0.825,1.0,0.9425 
20.760165155509647,0.85,1.0,0.94481 
20.77441218925885,0.85,1.0,0.94728 
20.788659223008054,0.875,1.0,0.94954 
20.802906256757254,0.875,1.0,0.95197 
20.817153290506457,0.875,1.0,0.95437 
20.83140032425566,0.875,1.0,0.95638 
20.845647358004864,0.875,1.0,0.95855 
20.859894391754068,0.875,1.0,0.96033 
20.874141425503268,0.875,1.0,0.96202 
20.88838845925247,0.875,1.0,0.96367 
20.902635493001675,0.875,1.0,0.96557 
20.916882526750875,0.875,1.0,0.9672 
20.93112956050008,0.875,1.0,0.96869 
20.945376594249282,0.9,1.0,0.97021 
20.959623627998482,0.9,1.0,0.97171 
20.973870661747686,0.9,1.0,0.97316 
20.98811769549689,0.9,1.0,0.97456 
21.00236472924609,0.9,1.0,0.97582 
21.016611762995293,0.9,1.0,0.97721 
21.030858796744496,0.9,1.0,0.97852 
21.045105830493696,0.9,1.0,0.9797 
21.0593528642429,0.9,1.0,0.98071 
21.073599897992104,0.9,1.0,0.98177 
21.087846931741307,0.925,1.0,0.9827 
21.10209396549051,0.925,1.0,0.98346 
21.11634099923971,0.95,1.0,0.98429 
21.130588032988914,0.95,1.0,0.985 
21.144835066738118,0.95,1.0,0.98589 
21.159082100487318,0.95,1.0,0.98678 
21.17332913423652,0.95,1.0,0.98742 
21.187576167985725,0.95,1.0,0.9881 
21.201823201734925,0.95,1.0,0.98881 
21.21607023548413,0.95,1.0,0.98964 
21.230317269233332,0.95,1.0,0.99027 
21.244564302982532,0.95,1.0,0.99086 
21.258811336731736,0.95,1.0,0.99142 
21.27305837048094,0.95,1.0,0.99197 
21.28730540423014,0.95,1.0,0.99247 
21.301552437979343,0.95,1.0,0.99295 
21.315799471728546,0.95,1.0,0.99353 
21.33004650547775,0.95,1.0,0.99393 
21.344293539226953,0.95,1.0,0.9943 
21.358540572976153,0.95,1.0,0.99472 
21.372787606725357,0.95,1.0,0.99505 
21.38703464047456,0.95,1.0,0.99537 
21.40128167422376,0.95,1.0,0.9957 
21.415528707972964,0.95,1.0,0.99593 
21.429775741722167,0.975,1.0,0.99617 
21.444022775471367,0.975,1.0,0.99642 
21.45826980922057,0.975,1.0,0.99673 
21.472516842969775,0.975,1.0,0.99697 
21.486763876718975,0.975,1.0,0.99716 
21.501010910468178,0.975,1.0,0.99732 
21.51525794421738,0.975,1.0,0.99753 
21.52950497796658,0.975,1.0,0.99768 
21.543752011715785,0.975,1.0,0.99787 
21.55799904546499,0.975,1.0,0.99802 
21.572246079214192,0.975,1.0,0.99816 
21.586493112963396,0.975,1.0,0.99833 
21.600740146712596,0.975,1.0,0.99844 
21.6149871804618,0.975,1.0,0.99858 
21.629234214211003,1.0,1.0,0.99872 
21.643481247960203,1.0,1.0,0.99881 
21.657728281709407,1.0,1.0,0.99891 
21.67197531545861,1.0,1.0,0.99894 
21.68622234920781,1.0,1.0,0.999 
21.700469382957014,1.0,1.0,0.9991 
21.714716416706217,1.0,1.0,0.99913 
21.728963450455417,1.0,1.0,0.99916 
21.74321048420462,1.0,1.0,0.99919 
21.757457517953824,1.0,1.0,0.99925 
21.771704551703024,1.0,1.0,0.99938 
21.785951585452228,1.0,1.0,0.99944 
21.80019861920143,1.0,1.0,0.99948 
21.814445652950635,1.0,1.0,0.99952 
21.82869268669984,1.0,1.0,0.99956 
21.84293972044904,1.0,1.0,0.99959 
21.857186754198242,1.0,1.0,0.99961 
21.871433787947446,1.0,1.0,0.99964 
21.885680821696646,1.0,1.0,0.99968 
21.89992785544585,1.0,1.0,0.99972 
21.914174889195053,1.0,1.0,0.99978 
21.928421922944253,1.0,1.0,0.99979 
21.942668956693456,1.0,1.0,0.9998 
21.95691599044266,1.0,1.0,0.99982 
21.97116302419186,1.0,1.0,0.99984 
21.985410057941063,1.0,1.0,0.99984 
21.999657091690267,1.0,1.0,0.99987 
22.013904125439467,1.0,1.0,0.9999 
22.02815115918867,1.0,1.0,0.99992 
22.042398192937874,1.0,1.0,0.99993 
22.056645226687078,1.0,1.0,0.99994 
22.07089226043628,1.0,1.0,0.99994 
22.08513929418548,1.0,1.0,0.99994 
22.099386327934685,1.0,1.0,0.99995 
22.11363336168389,1.0,1.0,0.99996 
22.12788039543309,1.0,1.0,0.99996 
22.142127429182292,1.0,1.0,0.99996 
22.156374462931495,1.0,1.0,0.99996 
22.170621496680695,1.0,1.0,0.99998 
22.1848685304299,1.0,1.0,0.99998 
22.199115564179102,1.0,1.0,0.99998 
22.213362597928302,1.0,1.0,0.99998 
22.227609631677506,1.0,1.0,0.99998 
22.24185666542671,1.0,1.0,0.99998 
22.25610369917591,1.0,1.0,0.99998 
22.270350732925113,1.0,1.0,0.99998 
22.284597766674317,1.0,1.0,0.99998 
22.29884480042352,1.0,1.0,0.99998 
22.313091834172724,1.0,1.0,0.99998 
22.327338867921924,1.0,1.0,0.99999 
22.341585901671127,1.0,1.0,0.99999 
22.35583293542033,1.0,1.0,0.99999 
22.37007996916953,1.0,1.0,0.99999 
22.384327002918734,1.0,1.0,0.99999 
22.398574036667938,1.0,1.0,1.0 
22.412821070417138,1.0,1.0,1.0 
22.42706810416634,1.0,1.0,1.0 
22.441315137915545,1.0,1.0,1.0 
22.455562171664745,1.0,1.0,1.0 
22.46980920541395,1.0,1.0,1.0 
22.484056239163152,1.0,1.0,1.0 
22.498303272912352,1.0,1.0,1.0 
22.512550306661556,1.0,1.0,1.0 
22.52679734041076,1.0,1.0,1.0 
22.541044374159963,1.0,1.0,1.0 
22.555291407909166,1.0,1.0,1.0 
22.569538441658366,1.0,1.0,1.0 
22.58378547540757,1.0,1.0,1.0 
22.598032509156774,1.0,1.0,1.0 
22.612279542905974,1.0,1.0,1.0 
22.626526576655177,1.0,1.0,1.0 
22.64077361040438,1.0,1.0,1.0 
22.65502064415358,1.0,1.0,1.0 
22.669267677902784,1.0,1.0,1.0 
22.683514711651988,1.0,1.0,1.0 
22.697761745401188,1.0,1.0,1.0 
22.71200877915039,1.0,1.0,1.0 
22.726255812899595,1.0,1.0,1.0 
22.740502846648795,1.0,1.0,1.0 
22.754749880398,1.0,1.0,1.0 
22.768996914147202,1.0,1.0,1.0 
22.783243947896406,1.0,1.0,1.0 
22.79749098164561,1.0,1.0,1.0 
22.81173801539481,1.0,1.0,1.0 
22.825985049144013,1.0,1.0,1.0 
22.840232082893216,1.0,1.0,1.0 
22.854479116642416,1.0,1.0,1.0 
22.86872615039162,1.0,1.0,1.0 
22.882973184140823,1.0,1.0,1.0 
22.897220217890023,1.0,1.0,1.0 
22.911467251639227,1.0,1.0,1.0 
22.92571428538843,1.0,1.0,1.0 
22.93996131913763,1.0,1.0,1.0 
22.954208352886834,1.0,1.0,1.0 
22.968455386636037,1.0,1.0,1.0 
22.982702420385237,1.0,1.0,1.0 
22.99694945413444,1.0,1.0,1.0 
23.011196487883645,1.0,1.0,1.0 
23.025443521632848,1.0,1.0,1.0 
23.03969055538205,1.0,1.0,1.0 
23.05393758913125,1.0,1.0,1.0 
23.068184622880455,1.0,1.0,1.0 
23.08243165662966,1.0,1.0,1.0 
23.09667869037886,1.0,1.0,1.0 
23.110925724128062,1.0,1.0,1.0 
23.125172757877266,1.0,1.0,1.0 
23.139419791626466,1.0,1.0,1.0 
23.15366682537567,1.0,1.0,1.0 
23.167913859124873,1.0,1.0,1.0 
23.182160892874073,1.0,1.0,1.0 
23.196407926623277,1.0,1.0,1.0 
23.21065496037248,1.0,1.0,1.0 
23.22490199412168,1.0,1.0,1.0 
23.239149027870884,1.0,1.0,1.0 
23.253396061620087,1.0,1.0,1.0 
23.26764309536929,1.0,1.0,1.0 
23.281890129118494,1.0,1.0,1.0 
23.296137162867694,1.0,1.0,1.0 
23.310384196616898,1.0,1.0,1.0 
23.3246312303661,1.0,1.0,1.0 
23.3388782641153,1.0,1.0,1.0 
23.353125297864505,1.0,1.0,1.0 
23.36737233161371,1.0,1.0,1.0 
23.38161936536291,1.0,1.0,1.0 
23.395866399112112,1.0,1.0,1.0 
23.410113432861316,1.0,1.0,1.0 
23.424360466610516,1.0,1.0,1.0 
23.43860750035972,1.0,1.0,1.0 
23.452854534108923,1.0,1.0,1.0 
23.467101567858123,1.0,1.0,1.0 
23.481348601607326,1.0,1.0,1.0 
23.49559563535653,1.0,1.0,1.0 
23.509842669105733,1.0,1.0,1.0 
23.524089702854937,1.0,1.0,1.0 
23.538336736604137,1.0,1.0,1.0 
23.55258377035334,1.0,1.0,1.0 
23.566830804102544,1.0,1.0,1.0 
23.581077837851744,1.0,1.0,1.0 
23.595324871600948,1.0,1.0,1.0 
23.60957190535015,1.0,1.0,1.0 
23.62381893909935,1.0,1.0,1.0 
23.638065972848555,1.0,1.0,1.0 
23.65231300659776,1.0,1.0,1.0 
23.66656004034696,1.0,1.0,1.0 
23.680807074096162,1.0,1.0,1.0 
23.695054107845365,1.0,1.0,1.0 
23.709301141594565,1.0,1.0,1.0 
23.72354817534377,1.0,1.0,1.0 
23.737795209092972,1.0,1.0,1.0 
23.752042242842176,1.0,1.0,1.0 
23.766289276591376,1.0,1.0,1.0 
23.78053631034058,1.0,1.0,1.0 
