x,eeg_cdf,wishart_cdf,t_wishart_cdf 
0.10871253703533652,0.0,0.0,0.0148 
0.10916858910905888,0.0,0.0,0.01573 
0.10962464118278124,0.0,0.0,0.01679 
0.1100806932565036,0.0,0.0,0.01771 
0.11053674533022596,0.0,0.0,0.01883 
0.11099279740394831,0.0,0.0,0.01996 
0.11144884947767067,0.0,0.0,0.02121 
0.11190490155139303,0.0,0.0,0.02249 
0.11236095362511539,0.0,0.0,0.02356 
0.11281700569883775,0.0,0.0,0.02491 
0.11327305777256011,0.0,0.0,0.02618 
0.11372910984628247,0.0,0.0,0.02764 
0.11418516192000483,0.0,0.0,0.02914 
0.11464121399372718,0.0,0.0,0.03051 
0.11509726606744954,0.0,0.0,0.03204 
0.1155533181411719,0.0,0.0,0.03363 
0.11600937021489426,0.0,0.0,0.03524 
0.11646542228861662,0.0,0.0,0.03727 
0.11692147436233898,0.0,0.0,0.03923 
0.11737752643606134,0.0,0.0,0.04119 
0.1178335785097837,0.0,0.0,0.04331 
0.11828963058350606,0.0,0.0,0.04526 
0.1187456826572284,0.0,0.0,0.04745 
0.11920173473095076,0.0,0.0,0.04976 
0.11965778680467312,0.0,0.0,0.05231 
0.12011383887839548,0.0,0.0,0.05484 
0.12056989095211784,0.0,0.0,0.05734 
0.1210259430258402,0.025,0.0,0.05993 
0.12148199509956256,0.025,0.0,0.06249 
0.12193804717328492,0.025,0.0,0.06511 
0.12239409924700728,0.025,0.0,0.06774 
0.12285015132072963,0.025,0.0,0.07067 
0.12330620339445199,0.025,0.0,0.07354 
0.12376225546817435,0.025,0.0,0.0764 
0.12421830754189671,0.025,0.0,0.0793 
0.12467435961561907,0.025,0.0,0.08271 
0.12513041168934141,0.025,0.0,0.08598 
0.1255864637630638,0.025,0.0,0.08926 
0.12604251583678613,0.025,0.0,0.09268 
0.1264985679105085,0.025,0.0,0.09623 
0.12695461998423085,0.05,0.0,0.09978 
0.12741067205795323,0.05,0.0,0.10342 
0.12786672413167557,0.05,0.0,0.10717 
0.12832277620539795,0.05,0.0,0.11085 
0.1287788282791203,0.05,0.0,0.11489 
0.12923488035284264,0.075,0.0,0.11847 
0.12969093242656501,0.075,0.0,0.12221 
0.13014698450028736,0.1,0.0,0.12624 
0.13060303657400973,0.1,0.0,0.13012 
0.13105908864773208,0.1,0.0,0.13418 
0.13151514072145445,0.1,0.0,0.13835 
0.1319711927951768,0.1,0.0,0.14262 
0.13242724486889917,0.1,0.0,0.14704 
0.13288329694262152,0.1,0.0,0.15117 
0.13333934901634387,0.125,0.0,0.15573 
0.13379540109006624,0.125,0.0,0.16013 
0.1342514531637886,0.125,0.0,0.16493 
0.13470750523751096,0.15,0.0,0.16914 
0.1351635573112333,0.15,1e-05,0.17392 
0.13561960938495565,0.15,2e-05,0.17906 
0.13607566145867803,0.175,2e-05,0.1839 
0.13653171353240037,0.175,2e-05,0.18857 
0.13698776560612275,0.175,3e-05,0.19337 
0.1374438176798451,0.175,5e-05,0.19829 
0.13789986975356747,0.175,6e-05,0.20305 
0.1383559218272898,0.2,6e-05,0.20815 
0.1388119739010122,0.2,8e-05,0.21375 
0.13926802597473453,0.2,9e-05,0.21904 
0.13972407804845688,0.25,0.0001,0.2242 
0.14018013012217925,0.25,0.00015,0.22944 
0.14063618219590163,0.25,0.00021,0.23492 
0.14109223426962397,0.25,0.00024,0.24005 
0.14154828634334632,0.25,0.0003,0.24564 
0.1420043384170687,0.25,0.00039,0.25115 
0.14246039049079104,0.25,0.00052,0.25661 
0.1429164425645134,0.275,0.00075,0.26198 
0.14337249463823576,0.275,0.00098,0.26748 
0.1438285467119581,0.3,0.00121,0.27311 
0.14428459878568048,0.325,0.00152,0.27839 
0.14474065085940283,0.325,0.00196,0.28419 
0.1451967029331252,0.35,0.00255,0.28986 
0.14565275500684755,0.375,0.00321,0.29564 
0.14610880708056992,0.4,0.00396,0.30156 
0.14656485915429227,0.4,0.00472,0.30704 
0.14702091122801464,0.4,0.00571,0.31297 
0.14747696330173699,0.425,0.00692,0.31881 
0.14793301537545933,0.45,0.00839,0.32453 
0.1483890674491817,0.475,0.01025,0.33035 
0.14884511952290405,0.475,0.01248,0.33637 
0.14930117159662643,0.475,0.01515,0.34218 
0.14975722367034877,0.475,0.01793,0.34839 
0.15021327574407115,0.475,0.02142,0.35443 
0.1506693278177935,0.475,0.02542,0.36056 
0.15112537989151587,0.5,0.02962,0.36638 
0.1515814319652382,0.5,0.0348,0.37219 
0.15203748403896056,0.5,0.04031,0.37819 
0.15249353611268293,0.5,0.04706,0.38414 
0.15294958818640528,0.5,0.05457,0.38984 
0.15340564026012765,0.5,0.06286,0.39568 
0.15386169233385,0.5,0.0719,0.40174 
0.15431774440757237,0.5,0.08237,0.40758 
0.15477379648129472,0.5,0.09308,0.41366 
0.1552298485550171,0.5,0.10505,0.41956 
0.15568590062873944,0.5,0.11849,0.42567 
0.15614195270246178,0.5,0.13258,0.43187 
0.15659800477618416,0.5,0.14812,0.43785 
0.1570540568499065,0.5,0.16468,0.44425 
0.15751010892362888,0.525,0.18248,0.45017 
0.15796616099735122,0.525,0.20113,0.45626 
0.15842221307107357,0.525,0.22061,0.46235 
0.15887826514479594,0.525,0.24131,0.46837 
0.15933431721851832,0.525,0.2623,0.47453 
0.15979036929224066,0.525,0.28517,0.48011 
0.160246421365963,0.55,0.30776,0.48596 
0.16070247343968538,0.55,0.33146,0.49162 
0.16115852551340773,0.55,0.35578,0.49739 
0.1616145775871301,0.55,0.38123,0.50317 
0.16207062966085245,0.575,0.40653,0.50859 
0.1625266817345748,0.575,0.4325,0.51447 
0.16298273380829717,0.6,0.45864,0.51963 
0.16343878588201954,0.6,0.48466,0.52542 
0.1638948379557419,0.6,0.51054,0.53107 
0.16435089002946424,0.6,0.53665,0.53682 
0.1648069421031866,0.6,0.5627,0.54242 
0.16526299417690896,0.625,0.58882,0.54784 
0.16571904625063133,0.65,0.61388,0.55287 
0.16617509832435368,0.65,0.63962,0.55876 
0.16663115039807602,0.675,0.66396,0.56469 
0.1670872024717984,0.675,0.6871,0.57026 
0.16754325454552077,0.675,0.70928,0.57597 
0.16799930661924312,0.7,0.73096,0.58122 
0.16845535869296546,0.7,0.75203,0.58681 
0.16891141076668784,0.7,0.77157,0.59173 
0.16936746284041018,0.7,0.7911,0.59704 
0.16982351491413256,0.7,0.80855,0.60282 
0.1702795669878549,0.7,0.82538,0.60818 
0.17073561906157725,0.7,0.84128,0.61354 
0.17119167113529962,0.7,0.85683,0.61856 
0.171647723209022,0.7,0.87095,0.62367 
0.17210377528274434,0.7,0.88427,0.62932 
0.1725598273564667,0.7,0.8964,0.63448 
0.17301587943018903,0.7,0.90768,0.63939 
0.1734719315039114,0.7,0.91814,0.64434 
0.17392798357763378,0.7,0.92687,0.64927 
0.17438403565135613,0.7,0.93521,0.65377 
0.17484008772507847,0.7,0.9426,0.65857 
0.17529613979880085,0.7,0.9497,0.66337 
0.17575219187252322,0.7,0.95574,0.66827 
0.17620824394624557,0.7,0.96099,0.67284 
0.17666429601996791,0.7,0.96615,0.67783 
0.17712034809369026,0.7,0.97034,0.68244 
0.17757640016741263,0.7,0.97417,0.68649 
0.178032452241135,0.7,0.97779,0.69109 
0.17848850431485735,0.75,0.98083,0.69586 
0.1789445563885797,0.775,0.98327,0.70023 
0.17940060846230207,0.775,0.98555,0.70471 
0.17985666053602445,0.775,0.9877,0.70936 
0.1803127126097468,0.775,0.98953,0.7137 
0.18076876468346914,0.775,0.99117,0.71803 
0.1812248167571915,0.775,0.99251,0.72231 
0.18168086883091386,0.775,0.99374,0.72625 
0.18213692090463623,0.775,0.99469,0.73044 
0.18259297297835858,0.775,0.99554,0.73435 
0.18304902505208093,0.775,0.99618,0.73838 
0.1835050771258033,0.8,0.99683,0.74243 
0.18396112919952567,0.8,0.99732,0.74628 
0.18441718127324802,0.8,0.99781,0.75043 
0.18487323334697037,0.8,0.99818,0.75445 
0.1853292854206927,0.8,0.99842,0.75799 
0.1857853374944151,0.8,0.99873,0.76147 
0.18624138956813746,0.825,0.99896,0.76575 
0.1866974416418598,0.85,0.9991,0.76932 
0.18715349371558215,0.85,0.99924,0.7729 
0.18760954578930453,0.85,0.99939,0.77639 
0.1880655978630269,0.85,0.99951,0.77973 
0.18852164993674925,0.85,0.99961,0.78328 
0.1889777020104716,0.85,0.9997,0.78691 
0.18943375408419394,0.85,0.99972,0.79057 
0.1898898061579163,0.85,0.99981,0.79417 
0.1903458582316387,0.85,0.99987,0.79742 
0.19080191030536103,0.85,0.99991,0.8007 
0.19125796237908338,0.875,0.99994,0.8039 
0.19171401445280575,0.875,0.99994,0.80699 
0.19217006652652813,0.875,0.99996,0.81016 
0.19262611860025047,0.875,0.99996,0.81314 
0.19308217067397282,0.875,0.99996,0.81649 
0.19353822274769517,0.9,0.99996,0.81941 
0.19399427482141754,0.9,0.99996,0.82233 
0.1944503268951399,0.9,0.99996,0.82566 
0.19490637896886226,0.9,0.99997,0.82865 
0.1953624310425846,0.9,0.99997,0.83137 
0.19581848311630698,0.9,0.99998,0.83411 
0.19627453519002935,0.9,0.99999,0.83676 
0.1967305872637517,0.9,0.99999,0.83932 
0.19718663933747405,0.9,0.99999,0.84207 
0.1976426914111964,0.9,0.99999,0.8447 
0.19809874348491877,0.9,0.99999,0.84724 
0.19855479555864114,0.9,0.99999,0.85004 
0.19901084763236349,0.9,0.99999,0.85272 
0.19946689970608583,0.9,0.99999,0.85515 
0.1999229517798082,0.9,0.99999,0.85793 
0.20037900385353055,0.9,0.99999,0.86024 
0.20083505592725293,0.9,0.99999,0.86253 
0.20129110800097527,0.9,0.99999,0.86494 
0.20174716007469762,0.9,0.99999,0.8672 
0.20220321214842,0.9,0.99999,0.86947 
0.20265926422214237,0.9,1.0,0.87203 
0.2031153162958647,0.9,1.0,0.8739 
0.20357136836958706,0.9,1.0,0.87623 
0.20402742044330943,0.9,1.0,0.87819 
0.20448347251703178,0.9,1.0,0.88052 
0.20493952459075415,0.9,1.0,0.88263 
0.2053955766644765,0.9,1.0,0.88478 
0.20585162873819884,0.9,1.0,0.88702 
0.20630768081192122,0.9,1.0,0.88909 
0.2067637328856436,0.9,1.0,0.89097 
0.20721978495936594,0.9,1.0,0.89283 
0.20767583703308828,0.9,1.0,0.89478 
0.20813188910681063,0.9,1.0,0.8966 
0.208587941180533,0.9,1.0,0.89838 
0.20904399325425538,0.9,1.0,0.90008 
0.20950004532797772,0.9,1.0,0.90181 
0.20995609740170007,0.9,1.0,0.90361 
0.21041214947542244,0.9,1.0,0.90521 
0.21086820154914482,0.9,1.0,0.9067 
0.21132425362286716,0.9,1.0,0.90825 
0.2117803056965895,0.9,1.0,0.91002 
0.21223635777031186,0.9,1.0,0.91193 
0.21269240984403423,0.9,1.0,0.91341 
0.2131484619177566,0.9,1.0,0.91499 
0.21360451399147895,0.9,1.0,0.91655 
0.2140605660652013,0.9,1.0,0.91807 
0.21451661813892367,0.925,1.0,0.91957 
0.21497267021264604,0.925,1.0,0.92092 
0.2154287222863684,0.925,1.0,0.92223 
0.21588477436009074,0.925,1.0,0.92365 
0.21634082643381308,0.925,1.0,0.92496 
0.21679687850753546,0.925,1.0,0.92635 
0.21725293058125783,0.925,1.0,0.92778 
0.21770898265498018,0.925,1.0,0.92901 
0.21816503472870252,0.925,1.0,0.9301 
0.2186210868024249,0.925,1.0,0.9315 
0.21907713887614727,0.925,1.0,0.93281 
0.21953319094986962,0.925,1.0,0.9342 
0.21998924302359196,0.925,1.0,0.93553 
0.2204452950973143,0.925,1.0,0.93659 
0.22090134717103668,0.925,1.0,0.93771 
0.22135739924475906,0.925,1.0,0.93894 
0.2218134513184814,0.925,1.0,0.93996 
0.22226950339220375,0.925,1.0,0.94106 
0.22272555546592612,0.925,1.0,0.94204 
0.2231816075396485,0.925,1.0,0.94318 
0.22363765961337084,0.925,1.0,0.94416 
0.2240937116870932,0.925,1.0,0.94542 
0.22454976376081554,0.95,1.0,0.9465 
0.2250058158345379,0.95,1.0,0.94743 
0.22546186790826028,0.95,1.0,0.94836 
0.22591791998198263,0.95,1.0,0.94957 
0.22637397205570498,0.95,1.0,0.9505 
0.22683002412942735,0.95,1.0,0.9515 
0.22728607620314972,0.95,1.0,0.95246 
0.22774212827687207,0.95,1.0,0.95334 
0.22819818035059442,0.95,1.0,0.95429 
0.22865423242431676,0.95,1.0,0.95512 
0.22911028449803914,0.95,1.0,0.95588 
0.2295663365717615,0.95,1.0,0.95682 
0.23002238864548386,0.95,1.0,0.95764 
0.2304784407192062,0.95,1.0,0.95851 
0.23093449279292858,0.95,1.0,0.95949 
0.23139054486665092,0.95,1.0,0.96021 
0.2318465969403733,0.95,1.0,0.9608 
0.23230264901409564,0.95,1.0,0.96152 
0.232758701087818,0.95,1.0,0.9623 
0.23321475316154036,0.95,1.0,0.96294 
0.23367080523526274,0.95,1.0,0.96363 
0.23412685730898508,0.95,1.0,0.96444 
0.23458290938270743,0.95,1.0,0.96526 
0.23503896145642977,0.95,1.0,0.96592 
0.23549501353015218,0.95,1.0,0.96663 
0.23595106560387452,0.95,1.0,0.96738 
0.23640711767759687,0.95,1.0,0.96796 
0.2368631697513192,0.95,1.0,0.96841 
0.23731922182504156,0.975,1.0,0.96907 
0.23777527389876396,0.975,1.0,0.96971 
0.2382313259724863,0.975,1.0,0.97028 
0.23868737804620865,0.975,1.0,0.97086 
0.239143430119931,0.975,1.0,0.9714 
0.2395994821936534,0.975,1.0,0.9721 
0.24005553426737575,0.975,1.0,0.97254 
0.2405115863410981,0.975,1.0,0.97312 
0.24096763841482044,0.975,1.0,0.97364 
0.24142369048854279,0.975,1.0,0.97432 
0.2418797425622652,0.975,1.0,0.97471 
0.24233579463598753,0.975,1.0,0.97509 
0.24279184670970988,0.975,1.0,0.97554 
0.24324789878343223,0.975,1.0,0.97597 
0.24370395085715463,0.975,1.0,0.97651 
0.24416000293087697,0.975,1.0,0.97694 
0.24461605500459932,0.975,1.0,0.97735 
0.24507210707832167,0.975,1.0,0.97785 
0.245528159152044,0.975,1.0,0.97829 
0.2459842112257664,0.975,1.0,0.97869 
0.24644026329948876,0.975,1.0,0.97911 
0.2468963153732111,0.975,1.0,0.97953 
0.24735236744693345,0.975,1.0,0.97986 
0.24780841952065585,0.975,1.0,0.98012 
0.2482644715943782,0.975,1.0,0.98051 
0.24872052366810055,0.975,1.0,0.98086 
0.2491765757418229,0.975,1.0,0.98129 
0.24963262781554524,0.975,1.0,0.98165 
0.25008867988926764,0.975,1.0,0.98196 
0.25054473196299,0.975,1.0,0.98229 
0.25100078403671233,0.975,1.0,0.98262 
0.2514568361104347,0.975,1.0,0.9829 
0.2519128881841571,0.975,1.0,0.98334 
0.2523689402578794,0.975,1.0,0.9837 
0.25282499233160177,0.975,1.0,0.98411 
0.2532810444053241,0.975,1.0,0.98443 
0.25373709647904646,0.975,1.0,0.98475 
0.25419314855276887,0.975,1.0,0.98497 
0.2546492006264912,0.975,1.0,0.98528 
0.25510525270021356,0.975,1.0,0.98559 
0.2555613047739359,0.975,1.0,0.98582 
0.2560173568476583,0.975,1.0,0.98601 
0.25647340892138065,0.975,1.0,0.98628 
0.256929460995103,0.975,1.0,0.98661 
0.25738551306882534,0.975,1.0,0.98688 
0.2578415651425477,0.975,1.0,0.98723 
0.2582976172162701,0.975,1.0,0.98752 
0.25875366928999244,0.975,1.0,0.98774 
0.2592097213637148,0.975,1.0,0.98806 
0.25966577343743713,0.975,1.0,0.98828 
0.26012182551115953,0.975,1.0,0.98855 
0.2605778775848819,0.975,1.0,0.98871 
0.2610339296586042,0.975,1.0,0.98901 
0.26148998173232657,0.975,1.0,0.98932 
0.2619460338060489,0.975,1.0,0.98945 
0.2624020858797713,0.975,1.0,0.98966 
0.26285813795349366,0.975,1.0,0.98993 
0.263314190027216,0.975,1.0,0.99014 
0.26377024210093836,0.975,1.0,0.99032 
0.26422629417466076,0.975,1.0,0.99054 
0.2646823462483831,0.975,1.0,0.9907 
0.26513839832210545,0.975,1.0,0.99094 
0.2655944503958278,0.975,1.0,0.9911 
0.26605050246955014,0.975,1.0,0.99127 
0.26650655454327254,0.975,1.0,0.99148 
0.2669626066169949,0.975,1.0,0.99165 
0.26741865869071724,0.975,1.0,0.99187 
0.2678747107644396,0.975,1.0,0.99207 
0.26833076283816193,0.975,1.0,0.99223 
0.26878681491188433,0.975,1.0,0.99235 
0.2692428669856067,0.975,1.0,0.99255 
0.269698919059329,0.975,1.0,0.99273 
0.27015497113305137,0.975,1.0,0.99292 
0.27061102320677377,0.975,1.0,0.99303 
0.2710670752804961,0.975,1.0,0.9932 
0.27152312735421846,0.975,1.0,0.99336 
0.2719791794279408,0.975,1.0,0.99353 
0.27243523150166316,0.975,1.0,0.99365 
0.27289128357538556,0.975,1.0,0.99384 
0.2733473356491079,0.975,1.0,0.99399 
0.27380338772283025,0.975,1.0,0.99416 
0.2742594397965526,0.975,1.0,0.9943 
0.274715491870275,0.975,1.0,0.99445 
0.27517154394399734,0.975,1.0,0.99457 
0.2756275960177197,0.975,1.0,0.99476 
0.27608364809144204,0.975,1.0,0.99488 
0.2765397001651644,0.975,1.0,0.99503 
0.2769957522388868,0.975,1.0,0.99512 
0.27745180431260913,0.975,1.0,0.99525 
0.2779078563863315,0.975,1.0,0.99541 
0.2783639084600538,0.975,1.0,0.99552 
0.2788199605337762,0.975,1.0,0.99562 
0.27927601260749857,0.975,1.0,0.99569 
0.2797320646812209,0.975,1.0,0.99579 
0.28018811675494326,0.975,1.0,0.99588 
0.2806441688286656,0.975,1.0,0.99593 
0.281100220902388,0.975,1.0,0.99606 
0.28155627297611036,0.975,1.0,0.99615 
0.2820123250498327,0.975,1.0,0.9962 
0.28246837712355505,0.975,1.0,0.99626 
0.28292442919727745,0.975,1.0,0.99636 
0.2833804812709998,0.975,1.0,0.99638 
0.28383653334472214,0.975,1.0,0.99644 
0.2842925854184445,0.975,1.0,0.99653 
0.28474863749216683,0.975,1.0,0.99658 
0.28520468956588924,0.975,1.0,0.99661 
0.2856607416396116,0.975,1.0,0.99666 
0.28611679371333393,0.975,1.0,0.99672 
0.2865728457870563,0.975,1.0,0.99678 
0.2870288978607787,0.975,1.0,0.99682 
0.287484949934501,0.975,1.0,0.99689 
0.28794100200822337,0.975,1.0,0.99697 
0.2883970540819457,0.975,1.0,0.99704 
0.28885310615566806,0.975,1.0,0.99711 
0.28930915822939046,0.975,1.0,0.99716 
0.2897652103031128,0.975,1.0,0.99726 
0.29022126237683515,0.975,1.0,0.99734 
0.2906773144505575,0.975,1.0,0.99742 
0.2911333665242799,0.975,1.0,0.99744 
0.29158941859800225,0.975,1.0,0.9975 
0.2920454706717246,0.975,1.0,0.99752 
0.29250152274544694,0.975,1.0,0.99757 
0.2929575748191693,0.975,1.0,0.99764 
0.2934136268928917,0.975,1.0,0.99771 
0.29386967896661403,0.975,1.0,0.99773 
0.2943257310403364,0.975,1.0,0.99781 
0.2947817831140587,0.975,1.0,0.99784 
0.29523783518778113,0.975,1.0,0.99787 
0.2956938872615035,0.975,1.0,0.99791 
0.2961499393352258,0.975,1.0,0.99801 
0.29660599140894817,0.975,1.0,0.99801 
0.2970620434826705,0.975,1.0,0.99805 
0.2975180955563929,0.975,1.0,0.99808 
0.29797414763011526,0.975,1.0,0.99813 
0.2984301997038376,0.975,1.0,0.99816 
0.29888625177755995,0.975,1.0,0.99822 
0.29934230385128235,0.975,1.0,0.99826 
0.2997983559250047,0.975,1.0,0.99829 
0.30025440799872705,0.975,1.0,0.99834 
0.3007104600724494,0.975,1.0,0.99838 
0.30116651214617174,0.975,1.0,0.99843 
0.30162256421989414,0.975,1.0,0.99843 
0.3020786162936165,0.975,1.0,0.99845 
0.30253466836733883,0.975,1.0,0.99849 
0.3029907204410612,0.975,1.0,0.99854 
0.3034467725147835,0.975,1.0,0.99857 
0.3039028245885059,0.975,1.0,0.9986 
0.3043588766622283,0.975,1.0,0.99863 
0.3048149287359506,0.975,1.0,0.99868 
0.30527098080967296,0.975,1.0,0.99871 
0.30572703288339537,1.0,1.0,0.99874 
0.3061830849571177,1.0,1.0,0.99878 
0.30663913703084006,1.0,1.0,0.99882 
0.3070951891045624,1.0,1.0,0.99887 
0.30755124117828475,1.0,1.0,0.99893 
0.30800729325200715,1.0,1.0,0.99895 
0.3084633453257295,1.0,1.0,0.99897 
0.30891939739945184,1.0,1.0,0.99897 
0.3093754494731742,1.0,1.0,0.99899 
0.3098315015468966,1.0,1.0,0.999 
0.31028755362061894,1.0,1.0,0.999 
0.3107436056943413,1.0,1.0,0.99901 
0.31119965776806363,1.0,1.0,0.99902 
0.311655709841786,1.0,1.0,0.99905 
0.3121117619155084,1.0,1.0,0.99908 
0.3125678139892307,1.0,1.0,0.99909 
0.31302386606295307,1.0,1.0,0.99913 
0.3134799181366754,1.0,1.0,0.99914 
0.3139359702103978,1.0,1.0,0.99919 
0.31439202228412017,1.0,1.0,0.9992 
0.3148480743578425,1.0,1.0,0.99921 
0.31530412643156486,1.0,1.0,0.99922 
0.3157601785052872,1.0,1.0,0.99923 
0.3162162305790096,1.0,1.0,0.99924 
0.31667228265273195,1.0,1.0,0.99926 
0.3171283347264543,1.0,1.0,0.99928 
0.31758438680017664,1.0,1.0,0.99928 
0.31804043887389905,1.0,1.0,0.99928 
0.3184964909476214,1.0,1.0,0.9993 
0.31895254302134374,1.0,1.0,0.99931 
0.3194085950950661,1.0,1.0,0.99931 
0.31986464716878843,1.0,1.0,0.99934 
0.32032069924251083,1.0,1.0,0.99935 
0.3207767513162332,1.0,1.0,0.99937 
0.3212328033899555,1.0,1.0,0.99937 
0.32168885546367787,1.0,1.0,0.99937 
0.32214490753740027,1.0,1.0,0.99938 
0.3226009596111226,1.0,1.0,0.99939 
0.32305701168484496,1.0,1.0,0.9994 
0.3235130637585673,1.0,1.0,0.99943 
0.32396911583228966,1.0,1.0,0.99943 
0.32442516790601206,1.0,1.0,0.99944 
0.3248812199797344,1.0,1.0,0.99945 
0.32533727205345675,1.0,1.0,0.99947 
0.3257933241271791,1.0,1.0,0.99948 
0.3262493762009015,1.0,1.0,0.9995 
0.32670542827462384,1.0,1.0,0.99951 
0.3271614803483462,1.0,1.0,0.99952 
0.32761753242206854,1.0,1.0,0.99952 
0.3280735844957909,1.0,1.0,0.99954 
0.3285296365695133,1.0,1.0,0.99958 
0.32898568864323563,1.0,1.0,0.99958 
0.329441740716958,1.0,1.0,0.99958 
0.3298977927906803,1.0,1.0,0.9996 
0.3303538448644027,1.0,1.0,0.9996 
0.33080989693812507,1.0,1.0,0.9996 
0.3312659490118474,1.0,1.0,0.9996 
0.33172200108556976,1.0,1.0,0.99962 
0.3321780531592921,1.0,1.0,0.99964 
0.3326341052330145,1.0,1.0,0.99964 
0.33309015730673686,1.0,1.0,0.99965 
0.3335462093804592,1.0,1.0,0.99966 
0.33400226145418155,1.0,1.0,0.99966 
0.3344583135279039,1.0,1.0,0.99968 
0.3349143656016263,1.0,1.0,0.99969 
0.33537041767534864,1.0,1.0,0.99971 
0.335826469749071,1.0,1.0,0.99973 
0.33628252182279333,1.0,1.0,0.99974 
