x,eeg_cdf,wishart_cdf,t_wishart_cdf 
0.06954600357044778,0.0,0.0,0.00142 
0.06988808215728516,0.0,0.0,0.00156 
0.07023016074412254,0.0,0.0,0.00171 
0.07057223933095993,0.0,0.0,0.00184 
0.07091431791779731,0.0,0.0,0.00202 
0.0712563965046347,0.0,0.0,0.0022 
0.07159847509147207,0.0,0.0,0.00244 
0.07194055367830945,0.0,0.0,0.00266 
0.07228263226514683,0.0,0.0,0.00289 
0.07262471085198421,0.0,0.0,0.00317 
0.07296678943882161,0.0,0.0,0.0035 
0.07330886802565899,0.0,0.0,0.00374 
0.07365094661249637,0.0,0.0,0.00411 
0.07399302519933375,0.0,0.0,0.00449 
0.07433510378617113,0.0,0.0,0.00489 
0.07467718237300852,0.0,0.0,0.00521 
0.0750192609598459,0.0,0.0,0.0056 
0.07536133954668328,0.0,0.0,0.00601 
0.07570341813352066,0.0,0.0,0.00642 
0.07604549672035804,0.0,0.0,0.00689 
0.07638757530719542,0.0,0.0,0.00731 
0.0767296538940328,0.0,0.0,0.00798 
0.0770717324808702,0.0,0.0,0.00859 
0.07741381106770757,0.025,0.0,0.00908 
0.07775588965454495,0.025,0.0,0.00973 
0.07809796824138233,0.025,0.0,0.0105 
0.07844004682821971,0.025,0.0,0.01122 
0.07878212541505711,0.025,0.0,0.01195 
0.07912420400189449,0.05,0.0,0.01268 
0.07946628258873187,0.075,0.0,0.01343 
0.07980836117556925,0.075,0.0,0.01415 
0.08015043976240663,0.075,0.0,0.01502 
0.08049251834924401,0.075,0.0,0.0158 
0.08083459693608139,0.075,0.0,0.01665 
0.08117667552291878,0.075,0.0,0.01761 
0.08151875410975616,0.1,0.0,0.01878 
0.08186083269659354,0.1,0.0,0.01982 
0.08220291128343092,0.1,0.0,0.02103 
0.0825449898702683,0.1,0.0,0.02238 
0.0828870684571057,0.1,0.0,0.02371 
0.08322914704394307,0.1,0.0,0.0249 
0.08357122563078045,0.125,0.0,0.02635 
0.08391330421761783,0.125,0.0,0.02773 
0.08425538280445521,0.125,0.0,0.02932 
0.0845974613912926,0.125,0.0,0.0312 
0.08493953997812997,0.125,0.0,0.03275 
0.08528161856496737,0.125,0.0,0.03455 
0.08562369715180475,0.125,0.0,0.03651 
0.08596577573864213,0.125,0.0,0.03829 
0.08630785432547951,0.125,0.0,0.04009 
0.0866499329123169,0.125,0.0,0.04224 
0.08699201149915428,0.125,0.0,0.04444 
0.08733409008599166,0.125,0.0,0.04642 
0.08767616867282904,0.125,0.0,0.04826 
0.08801824725966642,0.125,0.0,0.05023 
0.0883603258465038,0.125,0.0,0.05269 
0.08870240443334118,0.125,0.0,0.05502 
0.08904448302017856,0.125,0.0,0.0576 
0.08938656160701595,0.125,0.0,0.05986 
0.08972864019385333,0.125,0.0,0.06256 
0.09007071878069071,0.125,0.0,0.06513 
0.0904127973675281,0.125,0.0,0.06759 
0.09075487595436549,0.125,0.0,0.0702 
0.09109695454120287,0.125,0.0,0.07276 
0.09143903312804025,0.125,0.0,0.07546 
0.09178111171487763,0.125,0.0,0.0785 
0.09212319030171501,0.125,0.0,0.08162 
0.09246526888855239,0.125,0.0,0.08422 
0.09280734747538977,0.15,0.0,0.08737 
0.09314942606222715,0.15,0.0,0.09043 
0.09349150464906454,0.2,0.0,0.09415 
0.09383358323590192,0.2,0.0,0.09742 
0.0941756618227393,0.2,0.0,0.101 
0.09451774040957668,0.2,0.0,0.1043 
0.09485981899641407,0.2,0.0,0.10803 
0.09520189758325145,0.2,0.0,0.1118 
0.09554397617008883,0.2,0.0,0.11538 
0.09588605475692621,0.2,0.0,0.11901 
0.0962281333437636,0.2,0.0,0.12299 
0.09657021193060097,0.2,0.0,0.12641 
0.09691229051743835,0.2,0.0,0.13045 
0.09725436910427573,0.2,0.0,0.13442 
0.09759644769111313,0.2,0.0,0.13841 
0.09793852627795051,0.2,0.0,0.14287 
0.09828060486478789,0.2,2e-05,0.14674 
0.09862268345162527,0.2,2e-05,0.15096 
0.09896476203846266,0.2,2e-05,0.15514 
0.09930684062530004,0.2,2e-05,0.15921 
0.09964891921213742,0.2,3e-05,0.16387 
0.0999909977989748,0.225,3e-05,0.1687 
0.10033307638581218,0.25,3e-05,0.17326 
0.10067515497264956,0.25,5e-05,0.17763 
0.10101723355948694,0.25,8e-05,0.18222 
0.10135931214632432,0.25,8e-05,0.18707 
0.10170139073316171,0.275,0.0001,0.192 
0.1020434693199991,0.275,0.00012,0.1971 
0.10238554790683647,0.275,0.00014,0.2022 
0.10272762649367387,0.275,0.0002,0.20763 
0.10306970508051125,0.3,0.00023,0.21265 
0.10341178366734863,0.3,0.00033,0.21739 
0.10375386225418601,0.3,0.00045,0.22253 
0.10409594084102339,0.3,0.00053,0.22768 
0.10443801942786077,0.3,0.00071,0.23288 
0.10478009801469815,0.3,0.00096,0.23791 
0.10512217660153553,0.3,0.00116,0.24333 
0.10546425518837291,0.3,0.0014,0.24845 
0.1058063337752103,0.325,0.00174,0.25373 
0.10614841236204768,0.325,0.00215,0.25889 
0.10649049094888506,0.325,0.00256,0.26419 
0.10683256953572245,0.325,0.0031,0.26948 
0.10717464812255983,0.325,0.00375,0.27469 
0.10751672670939721,0.325,0.0044,0.28047 
0.1078588052962346,0.325,0.0052,0.28561 
0.10820088388307197,0.325,0.00627,0.29115 
0.10854296246990935,0.325,0.00754,0.29676 
0.10888504105674673,0.325,0.00879,0.30261 
0.10922711964358411,0.35,0.01013,0.30871 
0.1095691982304215,0.35,0.01181,0.31416 
0.10991127681725889,0.35,0.01367,0.32013 
0.11025335540409627,0.35,0.01581,0.32653 
0.11059543399093365,0.35,0.01835,0.33227 
0.11093751257777104,0.35,0.02126,0.33812 
0.11127959116460842,0.35,0.0241,0.34395 
0.1116216697514458,0.375,0.02732,0.34962 
0.11196374833828318,0.375,0.0314,0.35545 
0.11230582692512056,0.375,0.03553,0.36103 
0.11264790551195794,0.375,0.04057,0.36683 
0.11298998409879532,0.375,0.0459,0.37278 
0.1133320626856327,0.375,0.05192,0.37884 
0.11367414127247008,0.375,0.05876,0.38462 
0.11401621985930747,0.375,0.0657,0.39086 
0.11435829844614485,0.375,0.07314,0.3968 
0.11470037703298223,0.375,0.08243,0.40264 
0.11504245561981963,0.4,0.0911,0.40823 
0.11538453420665701,0.4,0.10045,0.4137 
0.11572661279349439,0.4,0.11082,0.4196 
0.11606869138033177,0.4,0.12225,0.42589 
0.11641076996716915,0.425,0.13471,0.43154 
0.11675284855400653,0.425,0.14701,0.43742 
0.11709492714084391,0.425,0.16085,0.44331 
0.11743700572768129,0.425,0.17548,0.44927 
0.11777908431451867,0.45,0.19012,0.45508 
0.11812116290135606,0.45,0.20591,0.46082 
0.11846324148819344,0.45,0.22302,0.46674 
0.11880532007503082,0.45,0.24014,0.47218 
0.11914739866186821,0.45,0.25811,0.47761 
0.1194894772487056,0.45,0.27619,0.48356 
0.11983155583554297,0.45,0.29516,0.48952 
0.12017363442238035,0.45,0.3148,0.49492 
0.12051571300921773,0.475,0.33477,0.50081 
0.12085779159605511,0.475,0.35556,0.50656 
0.1211998701828925,0.475,0.3756,0.51235 
0.12154194876972987,0.475,0.39693,0.51761 
0.12188402735656725,0.475,0.41903,0.52325 
0.12222610594340465,0.475,0.43983,0.52915 
0.12256818453024203,0.475,0.46277,0.5345 
0.12291026311707941,0.475,0.48484,0.54001 
0.1232523417039168,0.475,0.50703,0.54564 
0.12359442029075418,0.5,0.52896,0.55151 
0.12393649887759156,0.5,0.55053,0.55684 
0.12427857746442894,0.5,0.57178,0.56191 
0.12462065605126632,0.525,0.59389,0.56683 
0.1249627346381037,0.525,0.61531,0.57212 
0.12530481322494108,0.525,0.63578,0.57701 
0.12564689181177846,0.525,0.6564,0.5818 
0.12598897039861584,0.55,0.67508,0.58713 
0.12633104898545322,0.55,0.69479,0.59202 
0.1266731275722906,0.55,0.71366,0.59718 
0.12701520615912798,0.55,0.73091,0.60257 
0.1273572847459654,0.55,0.74836,0.60782 
0.12769936333280277,0.575,0.7651,0.61289 
0.12804144191964015,0.575,0.7818,0.61752 
0.12838352050647753,0.575,0.79702,0.62231 
0.1287255990933149,0.575,0.81203,0.62734 
0.1290676776801523,0.575,0.82526,0.63237 
0.12940975626698967,0.575,0.83892,0.63695 
0.12975183485382705,0.6,0.8521,0.64197 
0.13009391344066443,0.6,0.86364,0.64692 
0.13043599202750183,0.6,0.87495,0.65206 
0.13077807061433921,0.6,0.88516,0.65688 
0.1311201492011766,0.625,0.89564,0.66148 
0.13146222778801397,0.65,0.90449,0.66602 
0.13180430637485135,0.7,0.91316,0.67034 
0.13214638496168873,0.7,0.92135,0.67499 
0.13248846354852611,0.7,0.92867,0.67973 
0.1328305421353635,0.7,0.93535,0.68422 
0.13317262072220087,0.7,0.94153,0.68895 
0.13351469930903825,0.725,0.94731,0.69335 
0.13385677789587563,0.725,0.95225,0.6975 
0.134198856482713,0.725,0.95708,0.70174 
0.1345409350695504,0.725,0.96179,0.70585 
0.13488301365638777,0.725,0.96613,0.71003 
0.13522509224322515,0.725,0.97026,0.71424 
0.13556717083006253,0.725,0.97374,0.71825 
0.13590924941689994,0.725,0.97668,0.72262 
0.13625132800373732,0.725,0.97981,0.72654 
0.1365934065905747,0.725,0.98232,0.73044 
0.13693548517741208,0.725,0.98458,0.73432 
0.13727756376424946,0.725,0.98654,0.73806 
0.13761964235108684,0.725,0.98804,0.7417 
0.13796172093792425,0.725,0.98943,0.74549 
0.13830379952476163,0.725,0.99069,0.74939 
0.138645878111599,0.725,0.99181,0.75313 
0.1389879566984364,0.725,0.99305,0.75714 
0.13933003528527377,0.725,0.994,0.76097 
0.13967211387211115,0.725,0.99471,0.7644 
0.14001419245894853,0.775,0.99559,0.76791 
0.1403562710457859,0.775,0.99624,0.7714 
0.1406983496326233,0.775,0.99682,0.77495 
0.14104042821946067,0.775,0.99722,0.77849 
0.14138250680629805,0.775,0.99765,0.78198 
0.14172458539313543,0.775,0.99801,0.78549 
0.1420666639799728,0.775,0.99828,0.78878 
0.1424087425668102,0.775,0.99853,0.79217 
0.14275082115364757,0.775,0.99876,0.79533 
0.14309289974048495,0.775,0.99891,0.79839 
0.14343497832732233,0.775,0.9991,0.80192 
0.1437770569141597,0.775,0.99921,0.80548 
0.14411913550099711,0.775,0.9994,0.80888 
0.1444612140878345,0.8,0.99949,0.81168 
0.14480329267467187,0.8,0.99961,0.81477 
0.14514537126150925,0.8,0.99967,0.81798 
0.14548744984834663,0.8,0.99975,0.82116 
0.145829528435184,0.8,0.99976,0.82423 
0.14617160702202142,0.8,0.99983,0.82664 
0.1465136856088588,0.8,0.99983,0.82936 
0.14685576419569618,0.8,0.99985,0.83188 
0.14719784278253356,0.8,0.99987,0.83492 
0.14753992136937094,0.8,0.9999,0.83761 
0.14788199995620832,0.8,0.9999,0.84035 
0.1482240785430457,0.8,0.99991,0.84299 
0.14856615712988308,0.8,0.99991,0.84573 
0.14890823571672046,0.8,0.99991,0.8482 
0.14925031430355784,0.8,0.99994,0.85089 
0.14959239289039522,0.8,0.99996,0.85337 
0.1499344714772326,0.8,0.99997,0.85576 
0.15027655006406998,0.8,0.99997,0.85832 
0.15061862865090736,0.8,0.99998,0.86072 
0.15096070723774474,0.8,0.99998,0.86316 
0.15130278582458212,0.8,0.99998,0.86518 
0.1516448644114195,0.8,0.99998,0.86736 
0.15198694299825688,0.8,0.99999,0.86946 
0.1523290215850943,0.825,0.99999,0.87156 
0.15267110017193167,0.825,0.99999,0.87369 
0.15301317875876905,0.825,0.99999,0.87637 
0.15335525734560643,0.825,0.99999,0.87888 
0.1536973359324438,0.825,0.99999,0.88122 
0.1540394145192812,0.825,0.99999,0.88317 
0.1543814931061186,0.825,0.99999,0.885 
0.15472357169295597,0.825,0.99999,0.88692 
0.15506565027979335,0.825,0.99999,0.88889 
0.15540772886663073,0.825,0.99999,0.89094 
0.15574980745346811,0.825,0.99999,0.89278 
0.1560918860403055,0.825,0.99999,0.89454 
0.15643396462714287,0.825,1.0,0.89629 
0.15677604321398025,0.825,1.0,0.89805 
0.15711812180081763,0.825,1.0,0.90003 
0.157460200387655,0.875,1.0,0.90174 
0.1578022789744924,0.875,1.0,0.90349 
0.15814435756132977,0.875,1.0,0.90526 
0.15848643614816715,0.875,1.0,0.907 
0.15882851473500453,0.875,1.0,0.90856 
0.1591705933218419,0.875,1.0,0.91009 
0.1595126719086793,0.875,1.0,0.91192 
0.15985475049551667,0.875,1.0,0.91347 
0.16019682908235408,0.875,1.0,0.91499 
0.16053890766919146,0.875,1.0,0.91654 
0.16088098625602884,0.875,1.0,0.918 
0.16122306484286622,0.875,1.0,0.91951 
0.1615651434297036,0.875,1.0,0.92102 
0.16190722201654098,0.875,1.0,0.92235 
0.1622493006033784,0.875,1.0,0.92387 
0.16259137919021577,0.875,1.0,0.92513 
0.16293345777705315,0.9,1.0,0.92648 
0.16327553636389053,0.9,1.0,0.92763 
0.1636176149507279,0.9,1.0,0.92909 
0.1639596935375653,0.925,1.0,0.93049 
0.16430177212440267,0.925,1.0,0.93191 
0.16464385071124005,0.95,1.0,0.93308 
0.16498592929807743,0.95,1.0,0.93436 
0.1653280078849148,0.95,1.0,0.93557 
0.1656700864717522,0.95,1.0,0.93672 
0.16601216505858957,0.95,1.0,0.9379 
0.16635424364542695,0.95,1.0,0.93913 
0.16669632223226433,0.95,1.0,0.94037 
0.1670384008191017,0.95,1.0,0.94144 
0.1673804794059391,0.95,1.0,0.94258 
0.16772255799277647,0.95,1.0,0.94353 
0.16806463657961385,0.95,1.0,0.94453 
0.16840671516645125,0.95,1.0,0.94552 
0.16874879375328863,0.95,1.0,0.94665 
0.169090872340126,0.95,1.0,0.9475 
0.1694329509269634,0.95,1.0,0.94859 
0.16977502951380077,0.95,1.0,0.94965 
0.17011710810063815,0.95,1.0,0.95047 
0.17045918668747556,0.95,1.0,0.9514 
0.17080126527431294,0.95,1.0,0.95222 
0.17114334386115032,0.95,1.0,0.95321 
0.1714854224479877,0.95,1.0,0.95392 
0.17182750103482508,0.95,1.0,0.9548 
0.17216957962166246,0.95,1.0,0.95563 
0.17251165820849984,0.95,1.0,0.95637 
0.17285373679533722,0.95,1.0,0.95708 
0.1731958153821746,0.95,1.0,0.95789 
0.17353789396901198,0.95,1.0,0.95869 
0.17387997255584936,0.95,1.0,0.95947 
0.17422205114268674,0.95,1.0,0.96018 
0.17456412972952412,0.95,1.0,0.96101 
0.1749062083163615,0.95,1.0,0.96164 
0.17524828690319888,0.95,1.0,0.96242 
0.17559036549003626,0.95,1.0,0.96303 
0.17593244407687364,0.95,1.0,0.96369 
0.17627452266371102,0.95,1.0,0.96434 
0.17661660125054843,0.95,1.0,0.96498 
0.1769586798373858,0.95,1.0,0.96565 
0.1773007584242232,0.95,1.0,0.96627 
0.17764283701106057,0.95,1.0,0.96703 
0.17798491559789795,0.95,1.0,0.96763 
0.17832699418473533,0.95,1.0,0.96828 
0.17866907277157273,0.95,1.0,0.96884 
0.17901115135841011,0.95,1.0,0.96943 
0.1793532299452475,0.95,1.0,0.9702 
0.17969530853208487,0.95,1.0,0.97091 
0.18003738711892225,0.95,1.0,0.97149 
0.18037946570575963,0.95,1.0,0.97202 
0.18072154429259701,0.95,1.0,0.97255 
0.1810636228794344,0.95,1.0,0.97323 
0.18140570146627177,0.95,1.0,0.97383 
0.18174778005310915,0.95,1.0,0.97434 
0.18208985863994653,0.95,1.0,0.97466 
0.1824319372267839,0.95,1.0,0.97503 
0.1827740158136213,0.95,1.0,0.97554 
0.18311609440045867,0.95,1.0,0.97605 
0.18345817298729605,0.95,1.0,0.97648 
0.18380025157413343,0.95,1.0,0.97692 
0.1841423301609708,0.95,1.0,0.97725 
0.1844844087478082,0.95,1.0,0.97767 
0.1848264873346456,0.95,1.0,0.97822 
0.18516856592148298,0.95,1.0,0.97862 
0.18551064450832036,0.95,1.0,0.97906 
0.18585272309515774,0.95,1.0,0.97938 
0.18619480168199512,0.95,1.0,0.97984 
0.1865368802688325,0.95,1.0,0.9801 
0.1868789588556699,0.95,1.0,0.98056 
0.1872210374425073,0.95,1.0,0.98089 
0.18756311602934467,0.95,1.0,0.98141 
0.18790519461618205,0.95,1.0,0.98179 
0.18824727320301943,0.95,1.0,0.98218 
0.1885893517898568,0.975,1.0,0.98248 
0.1889314303766942,0.975,1.0,0.98291 
0.18927350896353157,0.975,1.0,0.98324 
0.18961558755036895,0.975,1.0,0.98354 
0.18995766613720633,0.975,1.0,0.98386 
0.1902997447240437,0.975,1.0,0.98418 
0.1906418233108811,0.975,1.0,0.98456 
0.19098390189771847,0.975,1.0,0.98493 
0.19132598048455585,0.975,1.0,0.9852 
0.19166805907139323,0.975,1.0,0.98546 
0.1920101376582306,0.975,1.0,0.98572 
0.192352216245068,0.975,1.0,0.98603 
0.19269429483190537,0.975,1.0,0.98629 
0.19303637341874277,0.975,1.0,0.98652 
0.19337845200558015,0.975,1.0,0.98671 
0.19372053059241753,0.975,1.0,0.98704 
0.1940626091792549,0.975,1.0,0.98724 
0.1944046877660923,0.975,1.0,0.98744 
0.1947467663529297,0.975,1.0,0.98764 
0.19508884493976708,0.975,1.0,0.98792 
0.19543092352660446,0.975,1.0,0.9881 
0.19577300211344184,0.975,1.0,0.98836 
0.19611508070027922,0.975,1.0,0.98856 
0.1964571592871166,0.975,1.0,0.98882 
0.19679923787395398,0.975,1.0,0.98907 
0.19714131646079136,0.975,1.0,0.98934 
0.19748339504762874,0.975,1.0,0.98944 
0.19782547363446612,0.975,1.0,0.98963 
0.1981675522213035,0.975,1.0,0.98987 
0.19850963080814088,0.975,1.0,0.99009 
0.19885170939497826,0.975,1.0,0.99032 
0.19919378798181564,0.975,1.0,0.99047 
0.19953586656865302,0.975,1.0,0.99065 
0.1998779451554904,0.975,1.0,0.99088 
0.20022002374232778,0.975,1.0,0.99102 
0.20056210232916516,0.975,1.0,0.99127 
0.20090418091600254,0.975,1.0,0.99145 
0.20124625950283992,0.975,1.0,0.99161 
0.2015883380896773,0.975,1.0,0.99177 
0.20193041667651473,0.975,1.0,0.99191 
0.20227249526335211,0.975,1.0,0.992 
0.2026145738501895,0.975,1.0,0.99213 
0.20295665243702687,0.975,1.0,0.99227 
0.20329873102386425,0.975,1.0,0.99244 
0.20364080961070163,0.975,1.0,0.99255 
0.20398288819753901,0.975,1.0,0.99277 
0.2043249667843764,0.975,1.0,0.99291 
0.20466704537121377,0.975,1.0,0.99306 
0.20500912395805115,0.975,1.0,0.99323 
0.20535120254488853,0.975,1.0,0.99334 
0.2056932811317259,0.975,1.0,0.99349 
0.2060353597185633,0.975,1.0,0.99358 
0.20637743830540067,0.975,1.0,0.99367 
0.20671951689223805,0.975,1.0,0.99375 
0.20706159547907543,0.975,1.0,0.99391 
0.2074036740659128,0.975,1.0,0.99406 
0.2077457526527502,0.975,1.0,0.9942 
0.20808783123958757,0.975,1.0,0.9943 
0.20842990982642495,0.975,1.0,0.99442 
0.20877198841326233,0.975,1.0,0.99451 
0.2091140670000997,0.975,1.0,0.99467 
0.2094561455869371,0.975,1.0,0.99481 
0.20979822417377447,0.975,1.0,0.9949 
0.2101403027606119,0.975,1.0,0.99498 
0.2104823813474493,0.975,1.0,0.99507 
0.21082445993428667,0.975,1.0,0.99513 
0.21116653852112405,0.975,1.0,0.99519 
0.21150861710796143,0.975,1.0,0.99532 
0.2118506956947988,0.975,1.0,0.9954 
0.2121927742816362,0.975,1.0,0.9955 
0.21253485286847357,0.975,1.0,0.99558 
0.21287693145531095,0.975,1.0,0.99566 
0.21321901004214833,0.975,1.0,0.99576 
0.2135610886289857,0.975,1.0,0.99585 
0.2139031672158231,0.975,1.0,0.99591 
0.21424524580266047,0.975,1.0,0.99599 
0.21458732438949785,0.975,1.0,0.99607 
0.21492940297633523,0.975,1.0,0.99618 
0.2152714815631726,0.975,1.0,0.99627 
0.21561356015001,0.975,1.0,0.99636 
0.21595563873684737,0.975,1.0,0.99646 
0.21629771732368475,0.975,1.0,0.99657 
0.21663979591052213,0.975,1.0,0.99666 
0.2169818744973595,0.975,1.0,0.99673 
0.21732395308419689,0.975,1.0,0.99683 
0.21766603167103427,0.975,1.0,0.99687 
0.21800811025787165,0.975,1.0,0.99696 
0.21835018884470908,0.975,1.0,0.99703 
0.21869226743154646,1.0,1.0,0.9971 
0.21903434601838384,1.0,1.0,0.9972 
0.21937642460522122,1.0,1.0,0.99722 
0.2197185031920586,1.0,1.0,0.99728 
0.22006058177889598,1.0,1.0,0.99735 
0.22040266036573336,1.0,1.0,0.99738 
0.22074473895257074,1.0,1.0,0.99742 
0.22108681753940812,1.0,1.0,0.99747 
0.2214288961262455,1.0,1.0,0.99752 
0.22177097471308288,1.0,1.0,0.99755 
0.22211305329992026,1.0,1.0,0.99758 
0.22245513188675764,1.0,1.0,0.99765 
0.22279721047359502,1.0,1.0,0.99771 
0.2231392890604324,1.0,1.0,0.99772 
0.22348136764726978,1.0,1.0,0.99776 
0.22382344623410716,1.0,1.0,0.99778 
0.22416552482094454,1.0,1.0,0.99784 
0.22450760340778192,1.0,1.0,0.99787 
0.2248496819946193,1.0,1.0,0.99787 
0.22519176058145668,1.0,1.0,0.99789 
0.22553383916829406,1.0,1.0,0.99791 
0.22587591775513144,1.0,1.0,0.99797 
0.22621799634196882,1.0,1.0,0.99801 
0.22656007492880625,1.0,1.0,0.99803 
0.22690215351564363,1.0,1.0,0.99809 
0.22724423210248101,1.0,1.0,0.99812 
0.2275863106893184,1.0,1.0,0.99813 
0.22792838927615577,1.0,1.0,0.99817 
0.22827046786299315,1.0,1.0,0.99819 
0.22861254644983053,1.0,1.0,0.99825 
0.2289546250366679,1.0,1.0,0.99828 
0.2292967036235053,1.0,1.0,0.99833 
0.22963878221034267,1.0,1.0,0.99836 
0.22998086079718005,1.0,1.0,0.9984 
0.23032293938401743,1.0,1.0,0.99843 
0.2306650179708548,1.0,1.0,0.99845 
0.2310070965576922,1.0,1.0,0.99847 
0.23134917514452957,1.0,1.0,0.99849 
0.23169125373136695,1.0,1.0,0.99852 
0.23203333231820433,1.0,1.0,0.99857 
0.2323754109050417,1.0,1.0,0.9986 
0.2327174894918791,1.0,1.0,0.99864 
0.23305956807871647,1.0,1.0,0.99868 
0.23340164666555385,1.0,1.0,0.99868 
0.23374372525239123,1.0,1.0,0.9987 
0.2340858038392286,1.0,1.0,0.99874 
0.234427882426066,1.0,1.0,0.99875 
0.23476996101290343,1.0,1.0,0.99877 
0.2351120395997408,1.0,1.0,0.99881 
0.2354541181865782,1.0,1.0,0.99884 
0.23579619677341557,1.0,1.0,0.99886 
0.23613827536025295,1.0,1.0,0.99887 
0.23648035394709033,1.0,1.0,0.99888 
0.2368224325339277,1.0,1.0,0.99892 
0.2371645111207651,1.0,1.0,0.99892 
0.23750658970760247,1.0,1.0,0.99893 
0.23784866829443985,1.0,1.0,0.99897 
0.23819074688127723,1.0,1.0,0.99898 
0.2385328254681146,1.0,1.0,0.99899 
0.238874904054952,1.0,1.0,0.99901 
0.23921698264178937,1.0,1.0,0.99901 
0.23955906122862675,1.0,1.0,0.99902 
0.23990113981546413,1.0,1.0,0.99903 
0.2402432184023015,1.0,1.0,0.99908 
