x,eeg_cdf,wishart_cdf,t_wishart_cdf 
0.09421121878760022,0.0,0.0,0.00343 
0.09458729900766705,0.0,0.0,0.00363 
0.09496337922773389,0.0,0.0,0.00387 
0.09533945944780071,0.0,0.0,0.00416 
0.09571553966786756,0.0,0.0,0.00439 
0.09609161988793438,0.0,0.0,0.00479 
0.09646770010800122,0.0,0.0,0.00517 
0.09684378032806805,0.0,0.0,0.00564 
0.09721986054813489,0.0,0.0,0.00599 
0.09759594076820172,0.0,0.0,0.00645 
0.09797202098826856,0.0,0.0,0.0068 
0.09834810120833538,0.0,0.0,0.00726 
0.09872418142840222,0.0,0.0,0.00787 
0.09910026164846905,0.0,0.0,0.00861 
0.09947634186853589,0.0,0.0,0.00917 
0.09985242208860272,0.0,0.0,0.00971 
0.10022850230866956,0.0,0.0,0.01023 
0.10060458252873639,0.0,0.0,0.01093 
0.10098066274880323,0.0,0.0,0.01173 
0.10135674296887005,0.0,0.0,0.01245 
0.1017328231889369,0.0,0.0,0.01322 
0.10210890340900372,0.0,0.0,0.01411 
0.10248498362907056,0.0,0.0,0.01498 
0.10286106384913739,0.0,0.0,0.01594 
0.10323714406920423,0.0,0.0,0.01688 
0.10361322428927106,0.0,0.0,0.01779 
0.1039893045093379,0.0,0.0,0.01855 
0.10436538472940472,0.0,0.0,0.01945 
0.10474146494947156,0.025,0.0,0.02057 
0.10511754516953839,0.025,0.0,0.02152 
0.10549362538960523,0.025,0.0,0.02263 
0.10586970560967206,0.025,0.0,0.02383 
0.1062457858297389,0.025,0.0,0.02511 
0.10662186604980572,0.025,0.0,0.02656 
0.10699794626987257,0.025,0.0,0.02788 
0.10737402648993939,0.025,0.0,0.02927 
0.10775010671000623,0.025,0.0,0.03084 
0.10812618693007306,0.025,0.0,0.03209 
0.10850226715013989,0.025,0.0,0.0335 
0.10887834737020673,0.025,0.0,0.03512 
0.10925442759027357,0.025,0.0,0.03679 
0.1096305078103404,0.025,0.0,0.03842 
0.11000658803040722,0.025,0.0,0.04019 
0.11038266825047406,0.025,0.0,0.04181 
0.1107587484705409,0.025,0.0,0.04331 
0.11113482869060773,0.025,0.0,0.04525 
0.11151090891067456,0.025,0.0,0.04692 
0.1118869891307414,0.025,0.0,0.04874 
0.11226306935080824,0.05,0.0,0.0508 
0.11263914957087506,0.05,0.0,0.05297 
0.11301522979094189,0.05,0.0,0.05512 
0.11339131001100873,0.05,0.0,0.0575 
0.11376739023107557,0.05,0.0,0.05985 
0.1141434704511424,0.05,0.0,0.06232 
0.11451955067120922,0.05,0.0,0.0647 
0.11489563089127607,0.05,0.0,0.06695 
0.11527171111134289,0.05,0.0,0.06947 
0.11564779133140973,0.05,0.0,0.07215 
0.11602387155147656,0.05,0.0,0.07481 
0.1163999517715434,0.05,0.0,0.07735 
0.11677603199161023,0.075,0.0,0.08041 
0.11715211221167707,0.1,0.0,0.08333 
0.1175281924317439,0.1,0.0,0.08645 
0.11790427265181073,0.125,0.0,0.08932 
0.11828035287187756,0.125,0.0,0.09242 
0.1186564330919444,0.125,0.0,0.0958 
0.11903251331201123,0.125,0.0,0.09901 
0.11940859353207807,0.125,0.0,0.10236 
0.1197846737521449,0.15,0.0,0.10576 
0.12016075397221174,0.15,0.0,0.10911 
0.12053683419227856,0.15,0.0,0.11277 
0.1209129144123454,0.15,0.0,0.11615 
0.12128899463241223,0.15,0.0,0.11993 
0.12166507485247907,0.15,0.0,0.12391 
0.1220411550725459,0.15,0.0,0.12742 
0.12241723529261272,0.15,0.0,0.13131 
0.12279331551267957,0.15,0.0,0.13503 
0.1231693957327464,0.175,0.0,0.13881 
0.12354547595281323,0.2,0.0,0.14251 
0.12392155617288006,0.2,0.0,0.14678 
0.1242976363929469,0.2,0.0,0.15096 
0.12467371661301374,0.2,0.0,0.15501 
0.12504979683308057,0.2,1e-05,0.15928 
0.1254258770531474,0.2,2e-05,0.16326 
0.12580195727321425,0.2,2e-05,0.16742 
0.12617803749328108,0.2,3e-05,0.17176 
0.1265541177133479,0.2,3e-05,0.1762 
0.12693019793341473,0.2,4e-05,0.18058 
0.12730627815348156,0.2,4e-05,0.18536 
0.1276823583735484,0.2,4e-05,0.19018 
0.12805843859361524,0.225,6e-05,0.1945 
0.12843451881368206,0.225,8e-05,0.19935 
0.12881059903374892,0.25,0.00011,0.20391 
0.12918667925381574,0.25,0.00013,0.20899 
0.12956275947388257,0.25,0.00018,0.21379 
0.1299388396939494,0.275,0.00022,0.21879 
0.13031491991401623,0.3,0.00026,0.22363 
0.13069100013408308,0.3,0.0003,0.22862 
0.1310670803541499,0.3,0.00035,0.23363 
0.13144316057421673,0.3,0.00047,0.23864 
0.1318192407942836,0.325,0.00062,0.2438 
0.13219532101435041,0.325,0.00078,0.24909 
0.13257140123441724,0.325,0.00092,0.25393 
0.13294748145448407,0.325,0.00119,0.25914 
0.1333235616745509,0.325,0.00143,0.26458 
0.13369964189461775,0.325,0.00176,0.26981 
0.13407572211468458,0.325,0.00208,0.27485 
0.1344518023347514,0.325,0.00285,0.28018 
0.13482788255481823,0.325,0.00345,0.28548 
0.13520396277488506,0.35,0.00432,0.29096 
0.1355800429949519,0.35,0.00518,0.29666 
0.13595612321501874,0.35,0.00618,0.30229 
0.13633220343508556,0.35,0.00735,0.30854 
0.13670828365515242,0.35,0.00877,0.31352 
0.13708436387521925,0.35,0.01066,0.31896 
0.13746044409528607,0.35,0.01284,0.32393 
0.1378365243153529,0.375,0.01492,0.32952 
0.13821260453541973,0.375,0.01736,0.33476 
0.13858868475548658,0.375,0.02028,0.3405 
0.1389647649755534,0.375,0.0232,0.34589 
0.13934084519562023,0.375,0.02669,0.35152 
0.1397169254156871,0.375,0.03075,0.35667 
0.14009300563575391,0.4,0.0355,0.362 
0.14046908585582074,0.425,0.0404,0.36771 
0.14084516607588757,0.425,0.04596,0.37337 
0.1412212462959544,0.425,0.0523,0.37906 
0.14159732651602125,0.425,0.05925,0.38439 
0.14197340673608808,0.425,0.06703,0.38996 
0.1423494869561549,0.425,0.075,0.39537 
0.14272556717622176,0.425,0.08477,0.40148 
0.14310164739628858,0.425,0.09547,0.4072 
0.1434777276163554,0.425,0.10659,0.41305 
0.14385380783642224,0.425,0.11776,0.41865 
0.14422988805648906,0.425,0.13061,0.42456 
0.14460596827655592,0.425,0.14419,0.43034 
0.14498204849662275,0.425,0.15829,0.4361 
0.14535812871668957,0.425,0.17329,0.44177 
0.14573420893675643,0.45,0.18878,0.4471 
0.14611028915682325,0.45,0.20472,0.45281 
0.14648636937689008,0.45,0.22295,0.45854 
0.1468624495969569,0.45,0.24201,0.46419 
0.14723852981702373,0.45,0.26156,0.47011 
0.1476146100370906,0.45,0.28208,0.47555 
0.14799069025715741,0.475,0.30304,0.48095 
0.14836677047722424,0.475,0.32488,0.4863 
0.1487428506972911,0.475,0.34714,0.49187 
0.14911893091735792,0.475,0.36858,0.49742 
0.14949501113742475,0.475,0.39223,0.50283 
0.14987109135749158,0.5,0.41532,0.50837 
0.1502471715775584,0.5,0.43875,0.51376 
0.15062325179762526,0.525,0.46202,0.51916 
0.15099933201769208,0.525,0.48541,0.52424 
0.1513754122377589,0.525,0.50834,0.52955 
0.15175149245782574,0.575,0.53215,0.53458 
0.15212757267789256,0.6,0.55552,0.5404 
0.15250365289795942,0.6,0.57917,0.54558 
0.15287973311802625,0.6,0.60237,0.55106 
0.15325581333809307,0.625,0.62519,0.55678 
0.15363189355815993,0.625,0.64742,0.56218 
0.15400797377822675,0.625,0.66879,0.56741 
0.15438405399829358,0.65,0.68984,0.57274 
0.1547601342183604,0.675,0.71014,0.57762 
0.15513621443842723,0.675,0.73013,0.58259 
0.1555122946584941,0.675,0.74874,0.58756 
0.15588837487856091,0.675,0.76708,0.59233 
0.15626445509862774,0.675,0.78476,0.59751 
0.1566405353186946,0.675,0.80132,0.60249 
0.15701661553876142,0.675,0.81626,0.6074 
0.15739269575882825,0.7,0.83046,0.61276 
0.1577687759788951,0.725,0.84474,0.6175 
0.1581448561989619,0.725,0.85819,0.62197 
0.15852093641902876,0.725,0.87072,0.62692 
0.15889701663909558,0.725,0.88274,0.63156 
0.1592730968591624,0.725,0.89337,0.63654 
0.15964917707922927,0.725,0.90309,0.64106 
0.16002525729929606,0.725,0.91238,0.64569 
0.16040133751936292,0.75,0.92142,0.6503 
0.16077741773942975,0.75,0.92905,0.65501 
0.16115349795949657,0.75,0.93646,0.65961 
0.16152957817956343,0.75,0.94311,0.66412 
0.16190565839963025,0.75,0.94885,0.66875 
0.16228173861969708,0.75,0.95463,0.67334 
0.16265781883976393,0.75,0.95996,0.67763 
0.16303389905983073,0.75,0.96462,0.68225 
0.1634099792798976,0.75,0.96885,0.68637 
0.16378605949996441,0.75,0.9725,0.69067 
0.16416213972003124,0.75,0.976,0.69512 
0.1645382199400981,0.75,0.97908,0.69908 
0.16491430016016492,0.75,0.98168,0.70297 
0.16529038038023175,0.75,0.98409,0.70726 
0.1656664606002986,0.75,0.98608,0.7116 
0.1660425408203654,0.75,0.98783,0.71583 
0.16641862104043226,0.75,0.98934,0.71971 
0.16679470126049908,0.75,0.99079,0.7241 
0.1671707814805659,0.75,0.99206,0.72834 
0.16754686170063277,0.75,0.99318,0.73203 
0.1679229419206996,0.75,0.99418,0.73601 
0.16829902214076642,0.75,0.99516,0.73976 
0.16867510236083327,0.75,0.99577,0.74316 
0.16905118258090007,0.75,0.9965,0.74658 
0.16942726280096693,0.75,0.99703,0.75028 
0.16980334302103375,0.75,0.99734,0.75398 
0.17017942324110058,0.75,0.99777,0.75756 
0.17055550346116743,0.75,0.99809,0.76145 
0.17093158368123426,0.75,0.99845,0.76461 
0.1713076639013011,0.775,0.99866,0.76818 
0.17168374412136794,0.775,0.99888,0.77173 
0.17205982434143474,0.8,0.99905,0.77551 
0.1724359045615016,0.8,0.99918,0.77887 
0.17281198478156842,0.8,0.99931,0.78249 
0.17318806500163525,0.8,0.99938,0.78615 
0.1735641452217021,0.8,0.99952,0.78953 
0.17394022544176893,0.8,0.99959,0.7925 
0.17431630566183576,0.8,0.99969,0.7958 
0.17469238588190258,0.8,0.99975,0.79901 
0.1750684661019694,0.8,0.99977,0.80216 
0.17544454632203627,0.8,0.9998,0.8053 
0.1758206265421031,0.8,0.99981,0.80847 
0.17619670676216992,0.8,0.99984,0.81144 
0.17657278698223677,0.825,0.99985,0.81418 
0.17694886720230357,0.825,0.99986,0.81717 
0.17732494742237043,0.825,0.99989,0.81995 
0.17770102764243725,0.85,0.9999,0.82282 
0.17807710786250408,0.85,0.9999,0.82589 
0.17845318808257093,0.85,0.99993,0.82883 
0.17882926830263776,0.85,0.99995,0.83166 
0.1792053485227046,0.85,0.99995,0.83451 
0.17958142874277144,0.85,0.99996,0.83695 
0.17995750896283824,0.85,0.99997,0.83977 
0.1803335891829051,0.85,0.99997,0.84245 
0.18070966940297192,0.85,0.99999,0.84509 
0.18108574962303875,0.85,0.99999,0.84736 
0.1814618298431056,0.85,0.99999,0.84989 
0.18183791006317243,0.85,0.99999,0.85242 
0.18221399028323926,0.85,0.99999,0.85498 
0.1825900705033061,0.85,1.0,0.85722 
0.1829661507233729,0.85,1.0,0.85946 
0.18334223094343977,0.85,1.0,0.86187 
0.1837183111635066,0.875,1.0,0.86427 
0.18409439138357342,0.875,1.0,0.8666 
0.18447047160364027,0.875,1.0,0.86852 
0.1848465518237071,0.875,1.0,0.87056 
0.18522263204377393,0.875,1.0,0.8726 
0.18559871226384078,0.875,1.0,0.87474 
0.18597479248390758,0.875,1.0,0.87678 
0.18635087270397444,0.9,1.0,0.87906 
0.18672695292404126,0.9,1.0,0.88132 
0.1871030331441081,0.9,1.0,0.88345 
0.18747911336417494,0.9,1.0,0.88532 
0.18785519358424177,0.9,1.0,0.88714 
0.1882312738043086,0.9,1.0,0.88905 
0.18860735402437545,0.9,1.0,0.89094 
0.18898343424444225,0.9,1.0,0.89288 
0.1893595144645091,0.9,1.0,0.89442 
0.18973559468457593,0.9,1.0,0.89597 
0.19011167490464276,0.9,1.0,0.89798 
0.1904877551247096,0.925,1.0,0.89971 
0.1908638353447764,0.925,1.0,0.90153 
0.19123991556484327,0.925,1.0,0.90338 
0.1916159957849101,0.925,1.0,0.90521 
0.19199207600497692,0.925,1.0,0.90674 
0.19236815622504377,0.925,1.0,0.90811 
0.1927442364451106,0.925,1.0,0.90949 
0.19312031666517743,0.925,1.0,0.91103 
0.19349639688524428,0.925,1.0,0.91236 
0.19387247710531108,0.925,1.0,0.91382 
0.19424855732537794,0.925,1.0,0.91528 
0.19462463754544476,0.925,1.0,0.91703 
0.1950007177655116,0.925,1.0,0.9185 
0.19537679798557844,0.925,1.0,0.91992 
0.19575287820564527,0.925,1.0,0.92123 
0.1961289584257121,0.925,1.0,0.92249 
0.19650503864577895,0.925,1.0,0.92379 
0.19688111886584575,0.925,1.0,0.92516 
0.1972571990859126,0.925,1.0,0.92682 
0.19763327930597943,0.95,1.0,0.92813 
0.19800935952604626,0.95,1.0,0.92933 
0.1983854397461131,0.95,1.0,0.93064 
0.19876151996617994,0.95,1.0,0.93166 
0.19913760018624677,0.95,1.0,0.9328 
0.19951368040631362,0.95,1.0,0.93399 
0.19988976062638042,0.95,1.0,0.93551 
0.20026584084644727,0.95,1.0,0.93655 
0.2006419210665141,0.95,1.0,0.93767 
0.20101800128658093,0.95,1.0,0.93901 
0.20139408150664778,0.95,1.0,0.94011 
0.2017701617267146,0.95,1.0,0.9413 
0.20214624194678144,0.95,1.0,0.94228 
0.2025223221668483,0.95,1.0,0.94325 
0.2028984023869151,0.95,1.0,0.94437 
0.20327448260698194,0.95,1.0,0.94555 
0.20365056282704877,0.95,1.0,0.94629 
0.2040266430471156,0.95,1.0,0.94721 
0.20440272326718245,0.95,1.0,0.94809 
0.20477880348724928,0.95,1.0,0.94919 
0.2051548837073161,0.95,1.0,0.95002 
0.20553096392738296,0.95,1.0,0.9509 
0.20590704414744976,0.95,1.0,0.95192 
0.2062831243675166,0.95,1.0,0.95268 
0.20665920458758344,0.95,1.0,0.95366 
0.20703528480765027,0.95,1.0,0.95449 
0.20741136502771712,0.95,1.0,0.95535 
0.20778744524778392,0.95,1.0,0.95618 
0.20816352546785077,0.95,1.0,0.95694 
0.2085396056879176,0.95,1.0,0.95768 
0.20891568590798443,0.95,1.0,0.95863 
0.20929176612805128,0.95,1.0,0.95941 
0.2096678463481181,0.95,1.0,0.96018 
0.21004392656818494,0.95,1.0,0.96095 
0.2104200067882518,0.95,1.0,0.96183 
0.2107960870083186,0.95,1.0,0.96268 
0.21117216722838544,0.95,1.0,0.96338 
0.21154824744845227,0.95,1.0,0.96403 
0.2119243276685191,0.95,1.0,0.96461 
0.21230040788858595,0.95,1.0,0.96522 
0.21267648810865278,0.95,1.0,0.96576 
0.2130525683287196,0.95,1.0,0.9663 
0.21342864854878646,0.95,1.0,0.96687 
0.21380472876885326,0.95,1.0,0.9675 
0.2141808089889201,0.95,1.0,0.96811 
0.21455688920898694,0.95,1.0,0.96874 
0.21493296942905377,0.95,1.0,0.96933 
0.21530904964912062,0.95,1.0,0.96994 
0.21568512986918745,0.95,1.0,0.97064 
0.21606121008925427,0.95,1.0,0.9713 
0.21643729030932113,0.95,1.0,0.97197 
0.21681337052938793,0.95,1.0,0.97253 
0.21718945074945478,0.95,1.0,0.97327 
0.2175655309695216,0.95,1.0,0.97379 
0.21794161118958844,0.95,1.0,0.97428 
0.2183176914096553,0.95,1.0,0.97476 
0.21869377162972212,0.95,1.0,0.97513 
0.21906985184978894,0.95,1.0,0.97552 
0.21944593206985577,0.95,1.0,0.97605 
0.21982201228992262,0.95,1.0,0.97653 
0.22019809250998945,0.95,1.0,0.97703 
0.22057417273005628,0.95,1.0,0.97741 
0.2209502529501231,0.95,1.0,0.9779 
0.22132633317018996,0.95,1.0,0.97848 
0.2217024133902568,0.95,1.0,0.97887 
0.2220784936103236,0.95,1.0,0.97922 
0.22245457383039044,0.95,1.0,0.97968 
0.22283065405045727,0.95,1.0,0.98005 
0.22320673427052412,0.95,1.0,0.98043 
0.22358281449059095,0.975,1.0,0.98081 
0.22395889471065777,0.975,1.0,0.98125 
0.2243349749307246,0.975,1.0,0.9816 
0.22471105515079146,0.975,1.0,0.98195 
0.22508713537085828,0.975,1.0,0.9825 
0.2254632155909251,0.975,1.0,0.98281 
0.22583929581099194,0.975,1.0,0.98321 
0.2262153760310588,0.975,1.0,0.98353 
0.22659145625112562,0.975,1.0,0.98393 
0.22696753647119244,0.975,1.0,0.98428 
0.22734361669125927,0.975,1.0,0.98449 
0.22771969691132612,0.975,1.0,0.98486 
0.22809577713139295,0.975,1.0,0.98507 
0.22847185735145978,0.975,1.0,0.98535 
0.2288479375715266,0.975,1.0,0.98558 
0.22922401779159346,0.975,1.0,0.98581 
0.2296000980116603,0.975,1.0,0.98607 
0.2299761782317271,0.975,1.0,0.98634 
0.23035225845179394,0.975,1.0,0.98661 
0.2307283386718608,0.975,1.0,0.98684 
0.23110441889192762,0.975,1.0,0.98715 
0.23148049911199445,0.975,1.0,0.98746 
0.23185657933206127,0.975,1.0,0.98768 
0.23223265955212813,0.975,1.0,0.9879 
0.23260873977219496,0.975,1.0,0.98816 
0.23298481999226178,0.975,1.0,0.98835 
0.2333609002123286,0.975,1.0,0.98854 
0.23373698043239546,0.975,1.0,0.98876 
0.2341130606524623,0.975,1.0,0.98899 
0.23448914087252912,0.975,1.0,0.98924 
0.23486522109259594,0.975,1.0,0.98948 
0.2352413013126628,0.975,1.0,0.98974 
0.23561738153272963,0.975,1.0,0.98996 
0.23599346175279645,0.975,1.0,0.99009 
0.23636954197286328,0.975,1.0,0.9903 
0.23674562219293013,0.975,1.0,0.99045 
0.23712170241299696,0.975,1.0,0.99061 
0.2374977826330638,0.975,1.0,0.99077 
0.2378738628531306,0.975,1.0,0.99091 
0.23824994307319747,0.975,1.0,0.99113 
0.2386260232932643,0.975,1.0,0.99135 
0.23900210351333112,0.975,1.0,0.99149 
0.23937818373339795,0.975,1.0,0.99169 
0.23975426395346477,0.975,1.0,0.9919 
0.24013034417353163,0.975,1.0,0.99214 
0.24050642439359846,0.975,1.0,0.99228 
0.24088250461366528,0.975,1.0,0.99244 
0.2412585848337321,0.975,1.0,0.99256 
0.24163466505379896,0.975,1.0,0.99275 
0.2420107452738658,0.975,1.0,0.99291 
0.24238682549393262,0.975,1.0,0.99301 
0.24276290571399944,0.975,1.0,0.99318 
0.2431389859340663,0.975,1.0,0.99332 
0.24351506615413313,0.975,1.0,0.99348 
0.24389114637419995,0.975,1.0,0.99359 
0.24426722659426678,0.975,1.0,0.99375 
0.24464330681433363,0.975,1.0,0.99394 
0.24501938703440046,0.975,1.0,0.99404 
0.2453954672544673,0.975,1.0,0.99414 
0.2457715474745341,0.975,1.0,0.99427 
0.24614762769460097,0.975,1.0,0.99437 
0.2465237079146678,0.975,1.0,0.99453 
0.24689978813473462,0.975,1.0,0.99467 
0.24727586835480145,0.975,1.0,0.99484 
0.2476519485748683,0.975,1.0,0.99491 
0.24802802879493513,0.975,1.0,0.995 
0.24840410901500196,0.975,1.0,0.99511 
0.24878018923506878,0.975,1.0,0.9952 
0.24915626945513564,0.975,1.0,0.99532 
0.24953234967520246,0.975,1.0,0.99543 
0.2499084298952693,0.975,1.0,0.99552 
0.25028451011533615,0.975,1.0,0.99565 
0.250660590335403,0.975,1.0,0.99574 
0.2510366705554698,0.975,1.0,0.99587 
0.2514127507755366,0.975,1.0,0.99599 
0.25178883099560345,0.975,1.0,0.99606 
0.2521649112156703,0.975,1.0,0.99615 
0.25254099143573716,0.975,1.0,0.9962 
0.25291707165580396,0.975,1.0,0.99629 
0.25329315187587076,0.975,1.0,0.99636 
0.2536692320959376,0.975,1.0,0.99647 
0.25404531231600447,0.975,1.0,0.99655 
0.2544213925360713,0.975,1.0,0.99664 
0.2547974727561381,0.975,1.0,0.99668 
0.2551735529762049,0.975,1.0,0.99677 
0.2555496331962718,0.975,1.0,0.99685 
0.25592571341633863,0.975,1.0,0.99691 
0.2563017936364055,1.0,1.0,0.99702 
0.2566778738564723,1.0,1.0,0.99705 
0.25705395407653914,1.0,1.0,0.99716 
0.25743003429660594,1.0,1.0,0.99723 
0.2578061145166728,1.0,1.0,0.99726 
0.25818219473673965,1.0,1.0,0.99732 
0.2585582749568065,1.0,1.0,0.99737 
0.2589343551768733,1.0,1.0,0.99744 
0.2593104353969401,1.0,1.0,0.99754 
0.25968651561700695,1.0,1.0,0.9976 
0.2600625958370738,1.0,1.0,0.99768 
0.26043867605714066,1.0,1.0,0.99769 
0.26081475627720746,1.0,1.0,0.99772 
0.26119083649727426,1.0,1.0,0.99774 
0.2615669167173411,1.0,1.0,0.9978 
0.26194299693740797,1.0,1.0,0.99782 
0.2623190771574748,1.0,1.0,0.99786 
0.2626951573775416,1.0,1.0,0.9979 
0.2630712375976085,1.0,1.0,0.99797 
0.2634473178176753,1.0,1.0,0.998 
0.26382339803774213,1.0,1.0,0.99804 
0.264199478257809,1.0,1.0,0.9981 
0.26457555847787584,1.0,1.0,0.99818 
0.26495163869794264,1.0,1.0,0.99822 
0.26532771891800944,1.0,1.0,0.99825 
0.2657037991380763,1.0,1.0,0.99826 
0.26607987935814315,1.0,1.0,0.99831 
0.26645595957821,1.0,1.0,0.99835 
0.2668320397982768,1.0,1.0,0.99837 
0.2672081200183436,1.0,1.0,0.99841 
0.26758420023841045,1.0,1.0,0.99843 
0.2679602804584773,1.0,1.0,0.99844 
0.26833636067854416,1.0,1.0,0.99848 
0.26871244089861096,1.0,1.0,0.99853 
0.2690885211186778,1.0,1.0,0.99856 
0.2694646013387446,1.0,1.0,0.99859 
0.26984068155881147,1.0,1.0,0.99862 
0.2702167617788783,1.0,1.0,0.99866 
0.2705928419989452,1.0,1.0,0.99871 
0.270968922219012,1.0,1.0,0.99877 
0.2713450024390788,1.0,1.0,0.99879 
0.27172108265914563,1.0,1.0,0.99881 
0.2720971628792125,1.0,1.0,0.99885 
0.27247324309927934,1.0,1.0,0.99885 
0.27284932331934614,1.0,1.0,0.99887 
0.27322540353941294,1.0,1.0,0.99894 
0.2736014837594798,1.0,1.0,0.99897 
0.27397756397954665,1.0,1.0,0.999 
0.2743536441996135,1.0,1.0,0.999 
0.2747297244196803,1.0,1.0,0.99901 
0.2751058046397471,1.0,1.0,0.99901 
0.27548188485981395,1.0,1.0,0.99906 
0.2758579650798808,1.0,1.0,0.99909 
0.27623404529994766,1.0,1.0,0.99911 
0.27661012552001446,1.0,1.0,0.99913 
0.2769862057400813,1.0,1.0,0.99913 
0.2773622859601481,1.0,1.0,0.99914 
0.27773836618021497,1.0,1.0,0.99916 
0.2781144464002818,1.0,1.0,0.99917 
0.2784905266203487,1.0,1.0,0.99917 
0.2788666068404155,1.0,1.0,0.99918 
0.2792426870604823,1.0,1.0,0.99922 
0.27961876728054913,1.0,1.0,0.99923 
0.279994847500616,1.0,1.0,0.99927 
0.28037092772068284,1.0,1.0,0.99928 
0.28074700794074964,1.0,1.0,0.9993 
0.28112308816081644,1.0,1.0,0.9993 
0.2814991683808833,1.0,1.0,0.99931 
0.28187524860095015,1.0,1.0,0.99935 
