x,eeg_cdf,wishart_cdf,t_wishart_cdf 
0.08674919242616319,0.0,0.0,0.00892 
0.08717544478824442,0.0,0.0,0.00965 
0.08760169715032563,0.0,0.0,0.01033 
0.08802794951240686,0.0,0.0,0.01099 
0.08845420187448808,0.0,0.0,0.01173 
0.0888804542365693,0.0,0.0,0.01258 
0.08930670659865053,0.0,0.0,0.01358 
0.08973295896073175,0.0,0.0,0.0147 
0.09015921132281297,0.0,0.0,0.01574 
0.09058546368489419,0.0,0.0,0.01683 
0.09101171604697542,0.0,0.0,0.01805 
0.09143796840905663,0.0,0.0,0.01945 
0.09186422077113786,0.0,0.0,0.02072 
0.09229047313321909,0.0,0.0,0.02212 
0.0927167254953003,0.0,0.0,0.02353 
0.09314297785738153,0.0,0.0,0.02522 
0.09356923021946276,0.0,0.0,0.02688 
0.09399548258154397,0.0,0.0,0.02853 
0.0944217349436252,0.0,0.0,0.03041 
0.09484798730570641,0.0,0.0,0.03223 
0.09527423966778764,0.0,0.0,0.03398 
0.09570049202986886,0.0,0.0,0.03612 
0.09612674439195008,0.0,0.0,0.038 
0.09655299675403131,0.025,0.0,0.04005 
0.09697924911611253,0.025,0.0,0.04185 
0.09740550147819375,0.025,0.0,0.04404 
0.09783175384027498,0.025,0.0,0.04633 
0.0982580062023562,0.025,0.0,0.04893 
0.09868425856443742,0.025,0.0,0.05161 
0.09911051092651864,0.025,0.0,0.05433 
0.09953676328859987,0.025,0.0,0.05714 
0.09996301565068108,0.025,0.0,0.06004 
0.10038926801276231,0.025,0.0,0.06295 
0.10081552037484354,0.025,0.0,0.06608 
0.10124177273692475,0.05,0.0,0.06921 
0.10166802509900598,0.05,0.0,0.07233 
0.1020942774610872,0.05,0.0,0.07562 
0.10252052982316842,0.05,0.0,0.07903 
0.10294678218524964,0.05,0.0,0.08238 
0.10337303454733086,0.05,0.0,0.08594 
0.10379928690941209,0.05,0.0,0.08959 
0.1042255392714933,0.05,0.0,0.09335 
0.10465179163357453,0.075,0.0,0.09701 
0.10507804399565576,0.075,0.0,0.10083 
0.10550429635773698,0.075,0.0,0.10498 
0.1059305487198182,0.075,0.0,0.10939 
0.10635680108189942,0.075,0.0,0.11365 
0.10678305344398065,0.075,0.0,0.11774 
0.10720930580606186,0.075,0.0,0.12182 
0.10763555816814309,0.075,0.0,0.12618 
0.10806181053022432,0.075,1e-05,0.13043 
0.10848806289230553,0.075,1e-05,0.13471 
0.10891431525438676,0.075,1e-05,0.13943 
0.10934056761646799,0.075,1e-05,0.14385 
0.1097668199785492,0.1,4e-05,0.14878 
0.11019307234063043,0.15,4e-05,0.15336 
0.11061932470271164,0.15,5e-05,0.15852 
0.11104557706479287,0.15,8e-05,0.16408 
0.11147182942687409,0.175,0.0001,0.16937 
0.11189808178895531,0.175,0.00013,0.17464 
0.11232433415103654,0.175,0.00017,0.17986 
0.11275058651311776,0.175,0.00022,0.18545 
0.11317683887519898,0.175,0.00026,0.19107 
0.11360309123728021,0.175,0.00034,0.19688 
0.11402934359936143,0.225,0.00045,0.20283 
0.11445559596144264,0.25,0.00055,0.20822 
0.11488184832352387,0.275,0.00067,0.21374 
0.1153081006856051,0.275,0.00086,0.21928 
0.11573435304768631,0.3,0.00111,0.22483 
0.11616060540976754,0.3,0.00141,0.23062 
0.11658685777184877,0.3,0.00184,0.23649 
0.11701311013392998,0.325,0.00235,0.24248 
0.11743936249601121,0.325,0.0029,0.2486 
0.11786561485809242,0.35,0.00374,0.25463 
0.11829186722017365,0.35,0.00461,0.26088 
0.11871811958225487,0.35,0.00554,0.26678 
0.1191443719443361,0.4,0.00675,0.27295 
0.11957062430641732,0.4,0.0083,0.27911 
0.11999687666849854,0.4,0.00991,0.28533 
0.12042312903057976,0.4,0.01163,0.292 
0.12084938139266099,0.425,0.01366,0.29868 
0.12127563375474221,0.425,0.01643,0.30453 
0.12170188611682342,0.425,0.01944,0.31094 
0.12212813847890466,0.425,0.02284,0.31768 
0.12255439084098588,0.45,0.02652,0.32361 
0.12298064320306709,0.45,0.03135,0.33044 
0.12340689556514832,0.45,0.03624,0.33705 
0.12383314792722955,0.45,0.0418,0.34364 
0.12425940028931076,0.475,0.04772,0.3506 
0.12468565265139199,0.5,0.05461,0.35758 
0.12511190501347322,0.5,0.06174,0.3644 
0.12553815737555443,0.5,0.07008,0.3708 
0.12596440973763565,0.5,0.08004,0.37764 
0.1263906620997169,0.5,0.09007,0.38467 
0.1268169144617981,0.525,0.10114,0.39137 
0.12724316682387932,0.525,0.11312,0.39814 
0.12766941918596053,0.525,0.12607,0.40469 
0.12809567154804177,0.525,0.13991,0.41175 
0.128521923910123,0.525,0.15451,0.41861 
0.12894817627220423,0.525,0.17016,0.42521 
0.12937442863428544,0.525,0.18687,0.43169 
0.12980068099636666,0.525,0.20466,0.4384 
0.13022693335844787,0.525,0.22313,0.44493 
0.13065318572052909,0.525,0.24221,0.45166 
0.13107943808261033,0.525,0.26246,0.45808 
0.13150569044469154,0.525,0.2843,0.4644 
0.13193194280677278,0.525,0.30543,0.47099 
0.132358195168854,0.525,0.32716,0.47784 
0.1327844475309352,0.525,0.34975,0.48446 
0.13321069989301643,0.525,0.37442,0.49105 
0.13363695225509767,0.525,0.39818,0.49772 
0.13406320461717888,0.525,0.42295,0.50392 
0.1344894569792601,0.525,0.44839,0.5107 
0.13491570934134134,0.525,0.47316,0.51722 
0.13534196170342255,0.525,0.49865,0.52344 
0.13576821406550377,0.525,0.52339,0.5297 
0.13619446642758498,0.525,0.54758,0.53613 
0.13662071878966622,0.575,0.5729,0.5428 
0.13704697115174744,0.575,0.5969,0.54904 
0.13747322351382865,0.575,0.62084,0.55538 
0.1378994758759099,0.6,0.64404,0.56161 
0.1383257282379911,0.6,0.66692,0.56796 
0.13875198060007232,0.6,0.68866,0.57443 
0.13917823296215354,0.6,0.70983,0.58013 
0.13960448532423478,0.65,0.73135,0.58657 
0.140030737686316,0.65,0.75072,0.59291 
0.14045699004839723,0.65,0.77066,0.59864 
0.14088324241047845,0.65,0.78866,0.60488 
0.14130949477255966,0.675,0.80551,0.61075 
0.14173574713464088,0.7,0.82195,0.61645 
0.1421619994967221,0.7,0.83702,0.62251 
0.14258825185880333,0.7,0.85115,0.62817 
0.14301450422088455,0.7,0.86403,0.63364 
0.1434407565829658,0.7,0.87639,0.63913 
0.143867008945047,0.7,0.88801,0.64451 
0.14429326130712822,0.725,0.89912,0.65004 
0.14471951366920943,0.725,0.90919,0.6551 
0.14514576603129067,0.725,0.91857,0.66019 
0.1455720183933719,0.725,0.92716,0.66595 
0.1459982707554531,0.725,0.93536,0.67106 
0.14642452311753434,0.725,0.94237,0.67626 
0.14685077547961556,0.725,0.9489,0.68137 
0.14727702784169677,0.725,0.95513,0.68645 
0.147703280203778,0.725,0.96035,0.69146 
0.14812953256585923,0.725,0.96514,0.69661 
0.14855578492794044,0.725,0.96923,0.70173 
0.14898203729002166,0.725,0.97321,0.70644 
0.1494082896521029,0.725,0.97663,0.71143 
0.1498345420141841,0.725,0.97982,0.71589 
0.15026079437626533,0.725,0.98229,0.72061 
0.15068704673834654,0.75,0.98465,0.72536 
0.15111329910042778,0.75,0.98664,0.73011 
0.151539551462509,0.75,0.98853,0.7347 
0.15196580382459024,0.75,0.99028,0.73927 
0.15239205618667145,0.75,0.99188,0.74359 
0.15281830854875267,0.75,0.99294,0.74806 
0.15324456091083388,0.75,0.99415,0.75224 
0.1536708132729151,0.75,0.99499,0.75648 
0.15409706563499634,0.8,0.99584,0.7604 
0.15452331799707755,0.825,0.99644,0.76508 
0.1549495703591588,0.825,0.99695,0.76922 
0.15537582272124,0.825,0.99742,0.77362 
0.15580207508332122,0.825,0.99792,0.77736 
0.15622832744540244,0.825,0.99815,0.78114 
0.15665457980748365,0.85,0.99842,0.78523 
0.1570808321695649,0.85,0.99866,0.78896 
0.15750708453164614,0.85,0.99879,0.79315 
0.15793333689372735,0.85,0.99897,0.79714 
0.15835958925580856,0.85,0.99919,0.80059 
0.15878584161788978,0.85,0.99928,0.8043 
0.159212093979971,0.85,0.99934,0.80785 
0.15963834634205223,0.875,0.99953,0.81151 
0.16006459870413345,0.875,0.99961,0.81494 
0.1604908510662147,0.875,0.99969,0.81836 
0.1609171034282959,0.9,0.99974,0.82173 
0.16134335579037712,0.9,0.99977,0.82502 
0.16176960815245833,0.9,0.99981,0.82828 
0.16219586051453955,0.9,0.99988,0.83182 
0.1626221128766208,0.9,0.99989,0.83477 
0.163048365238702,0.9,0.99993,0.83795 
0.16347461760078325,0.9,0.99993,0.84102 
0.16390086996286446,0.9,0.99996,0.84399 
0.16432712232494567,0.9,0.99998,0.84699 
0.1647533746870269,0.9,0.99998,0.84977 
0.1651796270491081,0.9,0.99998,0.85273 
0.16560587941118934,0.9,0.99998,0.85564 
0.16603213177327056,0.9,0.99998,0.85853 
0.1664583841353518,0.9,0.99998,0.86138 
0.16688463649743301,0.9,0.99998,0.86428 
0.16731088885951423,0.9,0.99999,0.8666 
0.16773714122159544,0.9,0.99999,0.8692 
0.16816339358367666,0.9,0.99999,0.87153 
0.1685896459457579,0.9,1.0,0.87419 
0.16901589830783914,0.9,1.0,0.87667 
0.16944215066992036,0.9,1.0,0.8789 
0.16986840303200157,0.9,1.0,0.88142 
0.17029465539408278,0.9,1.0,0.88372 
0.170720907756164,0.9,1.0,0.88595 
0.17114716011824524,0.9,1.0,0.88824 
0.17157341248032645,0.9,1.0,0.89036 
0.1719996648424077,0.9,1.0,0.89253 
0.1724259172044889,0.9,1.0,0.89458 
0.17285216956657012,0.9,1.0,0.89667 
0.17327842192865134,0.9,1.0,0.89877 
0.17370467429073255,0.9,1.0,0.9008 
0.1741309266528138,0.9,1.0,0.90269 
0.174557179014895,0.9,1.0,0.90463 
0.17498343137697625,0.9,1.0,0.90669 
0.17540968373905746,0.9,1.0,0.90856 
0.17583593610113868,0.9,1.0,0.91038 
0.1762621884632199,0.9,1.0,0.91206 
0.1766884408253011,0.9,1.0,0.91404 
0.17711469318738235,0.9,1.0,0.91569 
0.17754094554946356,0.925,1.0,0.91747 
0.1779671979115448,0.925,1.0,0.91919 
0.17839345027362602,0.925,1.0,0.92102 
0.17881970263570723,0.925,1.0,0.92262 
0.17924595499778845,0.925,1.0,0.92422 
0.17967220735986966,0.925,1.0,0.92578 
0.1800984597219509,0.925,1.0,0.92731 
0.18052471208403215,0.925,1.0,0.92871 
0.18095096444611336,0.925,1.0,0.93015 
0.18137721680819457,0.925,1.0,0.93154 
0.1818034691702758,0.925,1.0,0.93309 
0.182229721532357,0.95,1.0,0.93416 
0.18265597389443824,0.95,1.0,0.93564 
0.18308222625651946,0.95,1.0,0.93708 
0.1835084786186007,0.95,1.0,0.93848 
0.18393473098068192,0.95,1.0,0.93984 
0.18436098334276313,0.95,1.0,0.94113 
0.18478723570484434,0.95,1.0,0.9426 
0.18521348806692556,0.95,1.0,0.94384 
0.1856397404290068,0.95,1.0,0.94509 
0.18606599279108801,0.95,1.0,0.9464 
0.18649224515316926,0.95,1.0,0.94765 
0.18691849751525047,0.95,1.0,0.9488 
0.18734474987733168,0.95,1.0,0.94986 
0.1877710022394129,0.95,1.0,0.95102 
0.1881972546014941,0.95,1.0,0.95208 
0.18862350696357535,0.95,1.0,0.95322 
0.18904975932565657,0.95,1.0,0.95435 
0.1894760116877378,0.95,1.0,0.95547 
0.18990226404981903,0.95,1.0,0.95645 
0.19032851641190024,0.95,1.0,0.95741 
0.19075476877398145,0.95,1.0,0.95824 
0.19118102113606267,0.95,1.0,0.95907 
0.1916072734981439,0.95,1.0,0.95989 
0.19203352586022515,0.95,1.0,0.96059 
0.19245977822230637,0.95,1.0,0.96142 
0.19288603058438758,0.95,1.0,0.96223 
0.1933122829464688,0.95,1.0,0.963 
0.19373853530855,0.95,1.0,0.96385 
0.19416478767063125,0.95,1.0,0.96478 
0.19459104003271246,0.95,1.0,0.96532 
0.1950172923947937,0.95,1.0,0.96618 
0.19544354475687492,0.95,1.0,0.96682 
0.19586979711895613,0.95,1.0,0.96758 
0.19629604948103735,0.95,1.0,0.96818 
0.19672230184311856,0.95,1.0,0.96891 
0.1971485542051998,0.95,1.0,0.96967 
0.19757480656728102,0.95,1.0,0.97027 
0.19800105892936226,0.95,1.0,0.97098 
0.19842731129144348,0.95,1.0,0.97162 
0.1988535636535247,0.95,1.0,0.97225 
0.1992798160156059,0.95,1.0,0.97281 
0.19970606837768712,0.95,1.0,0.97346 
0.20013232073976836,0.95,1.0,0.9741 
0.2005585731018496,0.95,1.0,0.97446 
0.20098482546393082,0.95,1.0,0.97494 
0.20141107782601203,0.95,1.0,0.97557 
0.20183733018809324,0.95,1.0,0.97611 
0.20226358255017446,0.95,1.0,0.9767 
0.2026898349122557,0.95,1.0,0.97728 
0.20311608727433692,0.95,1.0,0.97779 
0.20354233963641816,0.95,1.0,0.9783 
0.20396859199849937,0.95,1.0,0.97885 
0.20439484436058059,0.95,1.0,0.97935 
0.2048210967226618,0.975,1.0,0.97981 
0.205247349084743,0.975,1.0,0.98031 
0.20567360144682426,0.975,1.0,0.98059 
0.20609985380890547,0.975,1.0,0.98104 
0.2065261061709867,0.975,1.0,0.98148 
0.20695235853306793,0.975,1.0,0.9819 
0.20737861089514914,0.975,1.0,0.98227 
0.20780486325723035,0.975,1.0,0.98259 
0.20823111561931157,0.975,1.0,0.98303 
0.2086573679813928,0.975,1.0,0.98341 
0.20908362034347402,0.975,1.0,0.98377 
0.20950987270555527,0.975,1.0,0.98414 
0.20993612506763648,0.975,1.0,0.98454 
0.2103623774297177,0.975,1.0,0.98488 
0.2107886297917989,0.975,1.0,0.9853 
0.21121488215388012,0.975,1.0,0.98572 
0.21164113451596137,0.975,1.0,0.98603 
0.21206738687804258,0.975,1.0,0.98643 
0.21249363924012382,0.975,1.0,0.98672 
0.21291989160220504,0.975,1.0,0.98695 
0.21334614396428625,0.975,1.0,0.98729 
0.21377239632636746,0.975,1.0,0.98754 
0.2141986486884487,0.975,1.0,0.98787 
0.21462490105052992,0.975,1.0,0.98814 
0.21505115341261113,0.975,1.0,0.9883 
0.21547740577469238,0.975,1.0,0.98856 
0.2159036581367736,0.975,1.0,0.98889 
0.2163299104988548,0.975,1.0,0.9892 
0.21675616286093605,0.975,1.0,0.98947 
0.21718241522301726,0.975,1.0,0.98965 
0.21760866758509848,0.975,1.0,0.98987 
0.2180349199471797,0.975,1.0,0.99014 
0.21846117230926093,0.975,1.0,0.99035 
0.21888742467134215,0.975,1.0,0.99056 
0.21931367703342336,0.975,1.0,0.99071 
0.2197399293955046,0.975,1.0,0.99086 
0.22016618175758582,0.975,1.0,0.9911 
0.22059243411966703,0.975,1.0,0.99134 
0.22101868648174827,0.975,1.0,0.99156 
0.2214449388438295,0.975,1.0,0.99174 
0.2218711912059107,0.975,1.0,0.99195 
0.22229744356799191,0.975,1.0,0.99217 
0.22272369593007316,0.975,1.0,0.99232 
0.22314994829215437,0.975,1.0,0.99244 
0.22357620065423559,0.975,1.0,0.99267 
0.22400245301631683,0.975,1.0,0.99283 
0.22442870537839804,0.975,1.0,0.99299 
0.22485495774047926,0.975,1.0,0.99315 
0.22528121010256047,0.975,1.0,0.9933 
0.2257074624646417,0.975,1.0,0.99349 
0.22613371482672293,0.975,1.0,0.99367 
0.22655996718880414,0.975,1.0,0.99382 
0.22698621955088538,0.975,1.0,0.99396 
0.2274124719129666,0.975,1.0,0.99413 
0.2278387242750478,0.975,1.0,0.99427 
0.22826497663712905,0.975,1.0,0.99437 
0.22869122899921027,0.975,1.0,0.99459 
0.22911748136129148,0.975,1.0,0.99469 
0.2295437337233727,0.975,1.0,0.9948 
0.22996998608545394,0.975,1.0,0.99491 
0.23039623844753515,0.975,1.0,0.99503 
0.23082249080961637,0.975,1.0,0.99511 
0.2312487431716976,0.975,1.0,0.99519 
0.23167499553377882,0.975,1.0,0.99532 
0.23210124789586004,0.975,1.0,0.99543 
0.23252750025794128,0.975,1.0,0.99557 
0.2329537526200225,0.975,1.0,0.99578 
0.2333800049821037,0.975,1.0,0.99589 
0.23380625734418492,0.975,1.0,0.99602 
0.23423250970626616,0.975,1.0,0.99611 
0.23465876206834738,0.975,1.0,0.99627 
0.2350850144304286,0.975,1.0,0.99634 
0.23551126679250983,0.975,1.0,0.99641 
0.23593751915459105,0.975,1.0,0.99652 
0.23636377151667226,0.975,1.0,0.99663 
0.23679002387875348,0.975,1.0,0.99673 
0.23721627624083472,0.975,1.0,0.99679 
0.23764252860291593,0.975,1.0,0.99685 
0.23806878096499715,0.975,1.0,0.99691 
0.2384950333270784,0.975,1.0,0.99694 
0.2389212856891596,0.975,1.0,0.997 
0.23934753805124082,0.975,1.0,0.99704 
0.23977379041332206,0.975,1.0,0.9971 
0.24020004277540327,0.975,1.0,0.99715 
0.24062629513748449,0.975,1.0,0.99722 
0.2410525474995657,0.975,1.0,0.9973 
0.24147879986164694,0.975,1.0,0.99734 
0.24190505222372816,0.975,1.0,0.99741 
0.24233130458580937,0.975,1.0,0.99748 
0.2427575569478906,0.975,1.0,0.99752 
0.24318380930997183,0.975,1.0,0.99756 
0.24361006167205304,0.975,1.0,0.99765 
0.24403631403413428,0.975,1.0,0.99772 
0.2444625663962155,0.975,1.0,0.99777 
0.2448888187582967,0.975,1.0,0.99782 
0.24531507112037793,0.975,1.0,0.99787 
0.24574132348245917,0.975,1.0,0.99789 
0.24616757584454038,0.975,1.0,0.99793 
0.2465938282066216,0.975,1.0,0.998 
0.24702008056870284,0.975,1.0,0.99808 
0.24744633293078405,0.975,1.0,0.99818 
0.24787258529286527,0.975,1.0,0.99821 
0.2482988376549465,0.975,1.0,0.99826 
0.24872509001702772,0.975,1.0,0.99828 
0.24915134237910894,0.975,1.0,0.99832 
0.24957759474119015,0.975,1.0,0.99834 
0.2500038471032714,0.975,1.0,0.99837 
0.2504300994653526,0.975,1.0,0.99841 
0.2508563518274338,0.975,1.0,0.99845 
0.2512826041895151,0.975,1.0,0.99847 
0.25170885655159625,0.975,1.0,0.99851 
0.2521351089136775,0.975,1.0,0.99855 
0.2525613612757587,0.975,1.0,0.99857 
0.25298761363783995,0.975,1.0,0.99859 
0.25341386599992116,0.975,1.0,0.99863 
0.2538401183620024,0.975,1.0,0.99865 
0.25426637072408365,0.975,1.0,0.99871 
0.2546926230861648,0.975,1.0,0.99875 
0.2551188754482461,0.975,1.0,0.99878 
0.2555451278103273,0.975,1.0,0.99879 
0.2559713801724085,0.975,1.0,0.99882 
0.2563976325344897,0.975,1.0,0.99886 
0.25682388489657093,0.975,1.0,0.99888 
0.2572501372586522,0.975,1.0,0.9989 
0.25767638962073336,0.975,1.0,0.9989 
0.25810264198281463,0.975,1.0,0.99891 
0.25852889434489584,0.975,1.0,0.99893 
0.25895514670697706,0.975,1.0,0.99895 
0.25938139906905827,0.975,1.0,0.99897 
0.2598076514311395,0.975,1.0,0.99899 
0.26023390379322076,0.975,1.0,0.99901 
0.2606601561553019,0.975,1.0,0.99902 
0.2610864085173832,0.975,1.0,0.99905 
0.2615126608794644,0.975,1.0,0.99907 
0.2619389132415456,0.975,1.0,0.9991 
0.2623651656036268,0.975,1.0,0.99914 
0.26279141796570804,0.975,1.0,0.99917 
0.2632176703277893,0.975,1.0,0.99918 
0.26364392268987047,0.975,1.0,0.99919 
0.26407017505195174,0.975,1.0,0.99922 
0.26449642741403295,0.975,1.0,0.99922 
0.26492267977611417,0.975,1.0,0.99925 
0.2653489321381954,0.975,1.0,0.99926 
0.2657751845002766,0.975,1.0,0.99926 
0.26620143686235787,0.975,1.0,0.9993 
0.266627689224439,0.975,1.0,0.99931 
0.2670539415865203,0.975,1.0,0.99934 
0.2674801939486015,0.975,1.0,0.99935 
0.2679064463106827,0.975,1.0,0.99936 
0.26833269867276394,0.975,1.0,0.99937 
0.26875895103484515,0.975,1.0,0.99938 
0.2691852033969264,0.975,1.0,0.99941 
0.2696114557590076,0.975,1.0,0.99944 
0.27003770812108885,0.975,1.0,0.99946 
0.27046396048317006,0.975,1.0,0.99947 
0.2708902128452513,0.975,1.0,0.99947 
0.27131646520733255,0.975,1.0,0.99947 
0.2717427175694137,0.975,1.0,0.9995 
0.272168969931495,0.975,1.0,0.99952 
0.27259522229357613,1.0,1.0,0.99953 
0.2730214746556574,1.0,1.0,0.99955 
0.2734477270177386,1.0,1.0,0.99958 
0.27387397937981983,1.0,1.0,0.99959 
0.2743002317419011,1.0,1.0,0.99959 
0.27472648410398226,1.0,1.0,0.9996 
0.27515273646606353,1.0,1.0,0.9996 
0.27557898882814474,1.0,1.0,0.99962 
0.27600524119022596,1.0,1.0,0.99962 
0.2764314935523072,1.0,1.0,0.99963 
0.2768577459143884,1.0,1.0,0.99964 
0.27728399827646966,1.0,1.0,0.99964 
0.2777102506385508,1.0,1.0,0.99964 
0.2781365030006321,1.0,1.0,0.99965 
0.2785627553627133,1.0,1.0,0.99967 
0.2789890077247945,1.0,1.0,0.99968 
0.2794152600868757,1.0,1.0,0.99969 
0.27984151244895694,1.0,1.0,0.99969 
0.2802677648110382,1.0,1.0,0.99969 
0.28069401717311937,1.0,1.0,0.99971 
0.28112026953520064,1.0,1.0,0.99971 
0.28154652189728185,1.0,1.0,0.99971 
0.28197277425936307,1.0,1.0,0.99971 
0.2823990266214443,1.0,1.0,0.99971 
0.2828252789835255,1.0,1.0,0.99972 
0.28325153134560677,1.0,1.0,0.99973 
0.2836777837076879,1.0,1.0,0.99975 
0.2841040360697692,1.0,1.0,0.99976 
0.2845302884318504,1.0,1.0,0.99978 
0.2849565407939316,1.0,1.0,0.99978 
0.28538279315601284,1.0,1.0,0.99979 
0.28580904551809405,1.0,1.0,0.99979 
0.2862352978801753,1.0,1.0,0.99979 
0.2866615502422565,1.0,1.0,0.99979 
0.28708780260433775,1.0,1.0,0.99979 
0.28751405496641896,1.0,1.0,0.9998 
0.2879403073285002,1.0,1.0,0.9998 
0.2883665596905814,1.0,1.0,0.9998 
0.2887928120526626,1.0,1.0,0.9998 
0.2892190644147439,1.0,1.0,0.9998 
0.28964531677682503,1.0,1.0,0.9998 
0.2900715691389063,1.0,1.0,0.9998 
0.2904978215009875,1.0,1.0,0.99981 
0.29092407386306873,1.0,1.0,0.99982 
0.29135032622514995,1.0,1.0,0.99983 
0.29177657858723116,1.0,1.0,0.99983 
0.29220283094931243,1.0,1.0,0.99983 
0.2926290833113936,1.0,1.0,0.99983 
0.29305533567347486,1.0,1.0,0.99983 
0.2934815880355561,1.0,1.0,0.99983 
0.2939078403976373,1.0,1.0,0.99984 
0.29433409275971856,1.0,1.0,0.99984 
0.2947603451217997,1.0,1.0,0.99985 
0.295186597483881,1.0,1.0,0.99985 
0.29561284984596214,1.0,1.0,0.99987 
0.2960391022080434,1.0,1.0,0.99989 
0.29646535457012463,1.0,1.0,0.99989 
0.29689160693220584,1.0,1.0,0.99989 
0.2973178592942871,1.0,1.0,0.99989 
0.29774411165636827,1.0,1.0,0.99989 
0.29817036401844954,1.0,1.0,0.99989 
0.29859661638053075,1.0,1.0,0.99989 
0.29902286874261197,1.0,1.0,0.99989 
0.2994491211046932,1.0,1.0,0.99989 
