x,eeg_cdf,wishart_cdf,t_wishart_cdf 
0.000945787185458267,0.0,0.0,0.01155 
0.0009592321409437383,0.0,0.0,0.0128 
0.0009726770964292097,0.0,0.0,0.01428 
0.000986122051914681,0.0,0.0,0.01564 
0.0009995670074001524,0.0,0.0,0.01726 
0.0010130119628856235,0.0,0.0,0.01919 
0.001026456918371095,0.0,0.0,0.02118 
0.0010399018738565663,0.0,0.0,0.0232 
0.0010533468293420375,0.025,0.0,0.02521 
0.0010667917848275088,0.025,0.0,0.02754 
0.0010802367403129802,0.025,0.0,0.02992 
0.0010936816957984514,0.025,0.0,0.03265 
0.0011071266512839228,0.025,0.0,0.03504 
0.0011205716067693942,0.025,0.0,0.03793 
0.0011340165622548653,0.025,0.0,0.0409 
0.0011474615177403367,0.025,0.0,0.04411 
0.0011609064732258081,0.05,0.0,0.04728 
0.0011743514287112793,0.05,0.0,0.051 
0.0011877963841967507,0.05,0.0,0.05472 
0.001201241339682222,0.05,0.0,0.05837 
0.0012146862951676932,0.05,0.0,0.06199 
0.0012281312506531646,0.05,0.0,0.066 
0.001241576206138636,0.05,0.0,0.06972 
0.0012550211616241072,0.05,0.0,0.07424 
0.0012684661171095785,0.05,0.0,0.07862 
0.00128191107259505,0.075,0.0,0.08327 
0.001295356028080521,0.075,0.0,0.08824 
0.0013088009835659925,0.075,0.0,0.09295 
0.0013222459390514639,0.1,0.0,0.09789 
0.001335690894536935,0.125,0.0,0.10274 
0.0013491358500224064,0.15,0.0,0.10784 
0.0013625808055078778,0.175,0.0,0.11318 
0.001376025760993349,0.175,0.0,0.11879 
0.0013894707164788204,0.175,0.0,0.12479 
0.0014029156719642917,0.175,0.0,0.1304 
0.001416360627449763,0.175,1e-05,0.13612 
0.0014298055829352343,0.175,2e-05,0.14172 
0.0014432505384207057,0.2,2e-05,0.1476 
0.0014566954939061768,0.2,3e-05,0.15385 
0.0014701404493916482,0.225,4e-05,0.16046 
0.0014835854048771196,0.25,7e-05,0.16684 
0.0014970303603625908,0.275,0.0001,0.17359 
0.0015104753158480622,0.275,0.00016,0.17988 
0.0015239202713335336,0.275,0.00025,0.18677 
0.0015373652268190047,0.275,0.00034,0.19336 
0.001550810182304476,0.275,0.00041,0.20048 
0.0015642551377899475,0.275,0.00058,0.20785 
0.0015777000932754187,0.275,0.0008,0.21483 
0.00159114504876089,0.275,0.00111,0.2221 
0.0016045900042463614,0.275,0.00142,0.22889 
0.0016180349597318326,0.3,0.00195,0.23567 
0.0016314799152173042,0.3,0.00259,0.24314 
0.0016449248707027754,0.3,0.00329,0.25063 
0.0016583698261882465,0.3,0.0041,0.25781 
0.0016718147816737181,0.3,0.00507,0.26587 
0.0016852597371591893,0.3,0.00645,0.27283 
0.0016987046926446605,0.3,0.00792,0.28054 
0.001712149648130132,0.325,0.00982,0.28768 
0.0017255946036156032,0.35,0.01219,0.29505 
0.0017390395591010744,0.35,0.015,0.30242 
0.001752484514586546,0.35,0.01846,0.30979 
0.0017659294700720172,0.35,0.02211,0.3173 
0.0017793744255574884,0.35,0.0261,0.32461 
0.00179281938104296,0.35,0.03099,0.33185 
0.0018062643365284311,0.35,0.03691,0.33937 
0.0018197092920139023,0.35,0.04313,0.34701 
0.001833154247499374,0.35,0.05069,0.35471 
0.001846599202984845,0.35,0.05869,0.36263 
0.0018600441584703162,0.35,0.06789,0.37018 
0.0018734891139557878,0.35,0.07788,0.37756 
0.001886934069441259,0.4,0.08823,0.38505 
0.0019003790249267302,0.4,0.09998,0.39204 
0.0019138239804122018,0.45,0.11277,0.39977 
0.001927268935897673,0.45,0.12689,0.40678 
0.0019407138913831443,0.45,0.14176,0.41457 
0.0019541588468686153,0.45,0.15821,0.42229 
0.001967603802354087,0.45,0.17576,0.42964 
0.0019810487578395585,0.45,0.19408,0.43721 
0.001994493713325029,0.45,0.2128,0.4447 
0.002007938668810501,0.45,0.23253,0.45166 
0.0020213836242959724,0.45,0.25291,0.4588 
0.002034828579781443,0.475,0.27471,0.46617 
0.0020482735352669148,0.475,0.2973,0.47325 
0.0020617184907523864,0.475,0.32045,0.48047 
0.002075163446237857,0.5,0.34447,0.48753 
0.0020886084017233287,0.525,0.36997,0.49463 
0.0021020533572088003,0.525,0.39406,0.50193 
0.002115498312694271,0.525,0.41988,0.50858 
0.0021289432681797426,0.525,0.44496,0.51501 
0.0021423882236652142,0.525,0.4699,0.52165 
0.002155833179150685,0.55,0.49481,0.52835 
0.0021692781346361566,0.575,0.51981,0.5351 
0.002182723090121628,0.575,0.54472,0.54192 
0.002196168045607099,0.575,0.56991,0.54863 
0.0022096130010925705,0.575,0.59463,0.55542 
0.002223057956578042,0.575,0.61856,0.5621 
0.002236502912063513,0.575,0.64226,0.56827 
0.0022499478675489844,0.6,0.6651,0.57435 
0.002263392823034456,0.6,0.68711,0.57988 
0.002276837778519927,0.625,0.70857,0.58611 
0.0022902827340053984,0.625,0.72895,0.5919 
0.00230372768949087,0.625,0.74861,0.59791 
0.002317172644976341,0.625,0.76768,0.60401 
0.0023306176004618123,0.625,0.78502,0.60975 
0.002344062555947284,0.625,0.80185,0.61561 
0.002357507511432755,0.65,0.81757,0.62144 
0.0023709524669182263,0.65,0.83248,0.62688 
0.002384397422403698,0.65,0.84635,0.63228 
0.002397842377889169,0.675,0.85984,0.63782 
0.00241128733337464,0.675,0.87211,0.64355 
0.002424732288860112,0.7,0.88377,0.64949 
0.002438177244345583,0.7,0.89462,0.65494 
0.002451622199831054,0.7,0.90479,0.65996 
0.0024650671553165257,0.7,0.91378,0.66522 
0.002478512110801997,0.7,0.9221,0.67084 
0.002491957066287468,0.725,0.92981,0.676 
0.0025054020217729397,0.725,0.93661,0.68064 
0.002518846977258411,0.725,0.94312,0.68576 
0.002532291932743882,0.725,0.94874,0.69102 
0.0025457368882293536,0.75,0.95437,0.69609 
0.002559181843714825,0.75,0.95948,0.70092 
0.002572626799200296,0.75,0.96361,0.70602 
0.0025860717546857676,0.75,0.96798,0.71088 
0.0025995167101712387,0.75,0.97183,0.71558 
0.00261296166565671,0.75,0.97502,0.72019 
0.0026264066211421815,0.75,0.97825,0.72456 
0.0026398515766276527,0.75,0.98088,0.72925 
0.002653296532113124,0.75,0.98325,0.73357 
0.0026667414875985954,0.75,0.98515,0.73814 
0.0026801864430840666,0.75,0.987,0.74227 
0.0026936313985695378,0.75,0.98864,0.74652 
0.0027070763540550094,0.75,0.99015,0.75065 
0.0027205213095404805,0.75,0.99127,0.75475 
0.0027339662650259517,0.75,0.99249,0.75901 
0.0027474112205114233,0.75,0.99341,0.76277 
0.0027608561759968945,0.75,0.99423,0.76668 
0.0027743011314823656,0.775,0.995,0.77057 
0.0027877460869678372,0.775,0.99567,0.77454 
0.0028011910424533084,0.775,0.9962,0.77833 
0.0028146359979387796,0.775,0.9968,0.78183 
0.002828080953424251,0.775,0.99733,0.78535 
0.0028415259089097224,0.775,0.99771,0.7888 
0.0028549708643951935,0.775,0.99805,0.79229 
0.002868415819880665,0.775,0.99839,0.79585 
0.0028818607753661363,0.775,0.99865,0.7991 
0.0028953057308516075,0.775,0.99886,0.8025 
0.002908750686337079,0.775,0.99909,0.80597 
0.00292219564182255,0.775,0.99929,0.80937 
0.0029356405973080214,0.775,0.9994,0.81297 
0.002949085552793493,0.775,0.99946,0.81648 
0.0029625305082789637,0.775,0.99951,0.81968 
0.0029759754637644353,0.775,0.99959,0.82289 
0.002989420419249907,0.775,0.99962,0.82569 
0.0030028653747353777,0.775,0.99968,0.82844 
0.0030163103302208493,0.775,0.99973,0.83131 
0.003029755285706321,0.775,0.99977,0.83448 
0.0030432002411917916,0.775,0.99978,0.83734 
0.003056645196677263,0.775,0.99981,0.84035 
0.003070090152162735,0.775,0.99985,0.84317 
0.0030835351076482055,0.8,0.99987,0.84581 
0.003096980063133677,0.8,0.99988,0.84845 
0.0031104250186191488,0.825,0.99988,0.85076 
0.0031238699741046195,0.85,0.99989,0.85317 
0.003137314929590091,0.85,0.99991,0.85572 
0.0031507598850755627,0.85,0.99992,0.85805 
0.0031642048405610334,0.85,0.99994,0.86031 
0.003177649796046505,0.85,0.99995,0.8626 
0.0031910947515319766,0.85,0.99995,0.86511 
0.0032045397070174474,0.85,0.99997,0.86748 
0.003217984662502919,0.85,0.99997,0.86972 
0.0032314296179883906,0.85,0.99997,0.87188 
0.0032448745734738613,0.875,0.99997,0.87392 
0.003258319528959333,0.875,0.99997,0.87636 
0.0032717644844448045,0.875,0.99998,0.87847 
0.0032852094399302752,0.875,0.99998,0.8806 
0.003298654395415747,0.875,0.99998,0.88268 
0.0033120993509012184,0.875,0.99998,0.88468 
0.003325544306386689,0.875,0.99998,0.88661 
0.0033389892618721608,0.875,0.99998,0.88855 
0.0033524342173576324,0.875,0.99998,0.89059 
0.003365879172843103,0.875,0.99998,0.89236 
0.0033793241283285747,0.875,1.0,0.89413 
0.0033927690838140463,0.875,1.0,0.89583 
0.003406214039299517,0.875,1.0,0.89762 
0.0034196589947849887,0.875,1.0,0.89922 
0.0034331039502704603,0.875,1.0,0.90078 
0.003446548905755931,0.875,1.0,0.90232 
0.0034599938612414026,0.875,1.0,0.9041 
0.003473438816726874,0.875,1.0,0.90582 
0.003486883772212345,0.875,1.0,0.90736 
0.0035003287276978165,0.875,1.0,0.90899 
0.003513773683183288,0.875,1.0,0.91052 
0.003527218638668759,0.875,1.0,0.91202 
0.0035406635941542305,0.875,1.0,0.91337 
0.003554108549639702,0.875,1.0,0.91472 
0.0035675535051251737,0.875,1.0,0.916 
0.0035809984606106444,0.875,1.0,0.91719 
0.003594443416096116,0.875,1.0,0.91852 
0.0036078883715815876,0.875,1.0,0.91989 
0.0036213333270670583,0.875,1.0,0.92133 
0.00363477828255253,0.9,1.0,0.92254 
0.0036482232380380016,0.9,1.0,0.92393 
0.0036616681935234723,0.9,1.0,0.92523 
0.003675113149008944,0.9,1.0,0.92663 
0.0036885581044944155,0.9,1.0,0.92795 
0.0037020030599798862,0.9,1.0,0.92929 
0.003715448015465358,0.925,1.0,0.93066 
0.0037288929709508294,0.925,1.0,0.93178 
0.0037423379264363,0.925,1.0,0.93281 
0.0037557828819217718,0.925,1.0,0.93401 
0.0037692278374072434,0.925,1.0,0.93517 
0.003782672792892714,0.925,1.0,0.9362 
0.0037961177483781857,0.925,1.0,0.9372 
0.0038095627038636573,0.925,1.0,0.9384 
0.003823007659349128,0.925,1.0,0.93955 
0.0038364526148345996,0.925,1.0,0.94065 
0.0038498975703200712,0.925,1.0,0.94157 
0.003863342525805542,0.925,1.0,0.9426 
0.0038767874812910136,0.925,1.0,0.94346 
0.003890232436776485,0.925,1.0,0.94442 
0.003903677392261956,0.925,1.0,0.94531 
0.0039171223477474275,0.925,1.0,0.94626 
0.003930567303232899,0.925,1.0,0.94713 
0.00394401225871837,0.925,1.0,0.94787 
0.0039574572142038415,0.925,1.0,0.94857 
0.003970902169689313,0.925,1.0,0.94939 
0.003984347125174784,0.925,1.0,0.9504 
0.003997792080660255,0.925,1.0,0.95148 
0.004011237036145727,0.925,1.0,0.95226 
0.004024681991631198,0.925,1.0,0.95318 
0.004038126947116669,0.925,1.0,0.95404 
0.004051571902602141,0.925,1.0,0.95458 
0.004065016858087612,0.925,1.0,0.95529 
0.004078461813573083,0.925,1.0,0.95615 
0.004091906769058555,0.925,1.0,0.9569 
0.004105351724544026,0.925,1.0,0.95781 
0.004118796680029497,0.925,1.0,0.95868 
0.004132241635514969,0.925,1.0,0.95942 
0.0041456865910004395,0.925,1.0,0.96016 
0.004159131546485911,0.925,1.0,0.96098 
0.004172576501971383,0.925,1.0,0.96176 
0.0041860214574568535,0.925,1.0,0.96246 
0.004199466412942325,0.925,1.0,0.96305 
0.004212911368427797,0.925,1.0,0.96371 
0.004226356323913267,0.925,1.0,0.96441 
0.004239801279398739,0.925,1.0,0.96499 
0.004253246234884211,0.925,1.0,0.96569 
0.004266691190369681,0.925,1.0,0.96631 
0.004280136145855153,0.925,1.0,0.96694 
0.004293581101340625,0.925,1.0,0.96758 
0.004307026056826095,0.925,1.0,0.96805 
0.004320471012311567,0.925,1.0,0.96875 
0.0043339159677970385,0.95,1.0,0.96924 
0.004347360923282509,0.95,1.0,0.96972 
0.004360805878767981,0.95,1.0,0.97039 
0.0043742508342534524,0.95,1.0,0.97092 
0.004387695789738923,0.95,1.0,0.97124 
0.004401140745224395,0.95,1.0,0.97183 
0.004414585700709866,0.95,1.0,0.97227 
0.004428030656195337,0.95,1.0,0.97288 
0.004441475611680809,0.95,1.0,0.97329 
0.00445492056716628,0.95,1.0,0.97367 
0.004468365522651751,0.95,1.0,0.97413 
0.004481810478137223,0.95,1.0,0.97446 
0.004495255433622694,0.95,1.0,0.97487 
0.004508700389108165,0.95,1.0,0.97531 
0.004522145344593637,0.95,1.0,0.9758 
0.004535590300079108,0.95,1.0,0.97615 
0.004549035255564579,0.95,1.0,0.97654 
0.0045624802110500505,0.95,1.0,0.97695 
0.004575925166535522,0.95,1.0,0.97725 
0.004589370122020993,0.95,1.0,0.97758 
0.0046028150775064645,0.95,1.0,0.97807 
0.004616260032991936,0.95,1.0,0.9785 
0.004629704988477407,0.95,1.0,0.97886 
0.004643149943962878,0.95,1.0,0.97921 
0.00465659489944835,0.95,1.0,0.97956 
0.004670039854933821,0.95,1.0,0.97989 
0.004683484810419292,0.95,1.0,0.98026 
0.004696929765904764,0.95,1.0,0.98062 
0.004710374721390235,0.95,1.0,0.98101 
0.004723819676875706,0.95,1.0,0.98142 
0.004737264632361178,0.95,1.0,0.98165 
0.004750709587846649,0.95,1.0,0.98194 
0.00476415454333212,0.95,1.0,0.98227 
0.004777599498817592,0.95,1.0,0.98253 
0.0047910444543030626,0.95,1.0,0.98285 
0.004804489409788534,0.95,1.0,0.98315 
0.004817934365274006,0.95,1.0,0.98346 
0.0048313793207594765,0.95,1.0,0.98372 
0.004844824276244948,0.95,1.0,0.98397 
0.004858269231730419,0.95,1.0,0.98422 
0.0048717141872158904,0.95,1.0,0.9845 
0.004885159142701362,0.95,1.0,0.9847 
0.004898604098186833,0.95,1.0,0.985 
0.004912049053672304,0.95,1.0,0.98525 
0.004925494009157776,0.975,1.0,0.98559 
0.004938938964643247,0.975,1.0,0.98584 
0.004952383920128718,0.975,1.0,0.98609 
0.00496582887561419,0.975,1.0,0.98632 
0.004979273831099661,0.975,1.0,0.98649 
0.004992718786585132,0.975,1.0,0.98678 
0.005006163742070604,0.975,1.0,0.98703 
0.005019608697556075,0.975,1.0,0.98729 
0.005033053653041546,0.975,1.0,0.98749 
0.005046498608527018,0.975,1.0,0.98766 
0.0050599435640124885,0.975,1.0,0.9878 
0.00507338851949796,0.975,1.0,0.98801 
0.005086833474983432,0.975,1.0,0.98816 
0.0051002784304689025,0.975,1.0,0.98838 
0.005113723385954374,0.975,1.0,0.98849 
0.005127168341439846,0.975,1.0,0.98866 
0.005140613296925316,0.975,1.0,0.98881 
0.005154058252410788,0.975,1.0,0.98898 
0.00516750320789626,0.975,1.0,0.9892 
0.00518094816338173,0.975,1.0,0.98939 
0.005194393118867202,0.975,1.0,0.98956 
0.0052078380743526735,0.975,1.0,0.9898 
0.005221283029838144,0.975,1.0,0.98997 
0.005234727985323616,0.975,1.0,0.99014 
0.0052481729408090875,0.975,1.0,0.99026 
0.005261617896294558,0.975,1.0,0.99052 
0.00527506285178003,0.975,1.0,0.99067 
0.005288507807265501,0.975,1.0,0.99085 
0.005301952762750972,0.975,1.0,0.99103 
0.005315397718236444,0.975,1.0,0.99112 
0.005328842673721915,0.975,1.0,0.99124 
0.005342287629207386,0.975,1.0,0.99136 
0.005355732584692858,0.975,1.0,0.99152 
0.005369177540178329,0.975,1.0,0.9917 
0.0053826224956638,0.975,1.0,0.99186 
0.005396067451149272,0.975,1.0,0.99197 
0.005409512406634743,0.975,1.0,0.99213 
0.005422957362120214,0.975,1.0,0.99233 
0.005436402317605686,0.975,1.0,0.99245 
0.005449847273091157,0.975,1.0,0.99252 
0.005463292228576628,0.975,1.0,0.99266 
0.0054767371840620995,0.975,1.0,0.99279 
0.005490182139547571,0.975,1.0,0.99294 
0.005503627095033042,0.975,1.0,0.99306 
0.0055170720505185135,0.975,1.0,0.99317 
0.005530517006003985,0.975,1.0,0.99324 
0.005543961961489456,0.975,1.0,0.99335 
0.005557406916974927,0.975,1.0,0.99346 
0.005570851872460399,0.975,1.0,0.99354 
0.00558429682794587,0.975,1.0,0.99367 
0.005597741783431341,0.975,1.0,0.99381 
0.005611186738916813,0.975,1.0,0.9939 
0.005624631694402284,0.975,1.0,0.99396 
0.005638076649887755,0.975,1.0,0.99406 
0.005651521605373227,0.975,1.0,0.99419 
0.005664966560858698,0.975,1.0,0.99426 
0.005678411516344169,0.975,1.0,0.99434 
0.005691856471829641,0.975,1.0,0.99442 
0.0057053014273151115,0.975,1.0,0.99452 
0.005718746382800583,0.975,1.0,0.99464 
0.005732191338286055,0.975,1.0,0.99468 
0.0057456362937715255,0.975,1.0,0.9948 
0.005759081249256997,0.975,1.0,0.99487 
0.005772526204742469,0.975,1.0,0.99492 
0.005785971160227939,0.975,1.0,0.995 
0.005799416115713411,0.975,1.0,0.99508 
0.005812861071198883,0.975,1.0,0.99513 
0.005826306026684353,0.975,1.0,0.99519 
0.005839750982169825,0.975,1.0,0.99526 
0.0058531959376552966,0.975,1.0,0.99535 
0.005866640893140767,0.975,1.0,0.99539 
0.005880085848626239,0.975,1.0,0.99547 
0.0058935308041117105,0.975,1.0,0.99548 
0.005906975759597181,0.975,1.0,0.99556 
0.005920420715082653,0.975,1.0,0.99566 
0.0059338656705681244,0.975,1.0,0.99572 
0.005947310626053595,0.975,1.0,0.99579 
0.005960755581539067,0.975,1.0,0.99582 
0.005974200537024538,0.975,1.0,0.99589 
0.005987645492510009,0.975,1.0,0.99596 
0.006001090447995481,0.975,1.0,0.99607 
0.006014535403480952,0.975,1.0,0.99609 
0.006027980358966423,0.975,1.0,0.99614 
0.006041425314451895,0.975,1.0,0.99615 
0.006054870269937366,0.975,1.0,0.99621 
0.006068315225422837,0.975,1.0,0.99628 
0.006081760180908309,0.975,1.0,0.99636 
0.00609520513639378,0.975,1.0,0.99638 
0.006108650091879251,0.975,1.0,0.99643 
0.0061220950473647225,0.975,1.0,0.99648 
0.006135540002850194,0.975,1.0,0.99651 
0.006148984958335666,0.975,1.0,0.99656 
0.0061624299138211365,0.975,1.0,0.99666 
0.006175874869306608,0.975,1.0,0.9967 
0.00618931982479208,0.975,1.0,0.99674 
0.00620276478027755,0.975,1.0,0.99679 
0.006216209735763022,0.975,1.0,0.99681 
0.006229654691248494,0.975,1.0,0.99685 
0.006243099646733964,0.975,1.0,0.99688 
0.006256544602219436,0.975,1.0,0.9969 
0.0062699895577049075,0.975,1.0,0.99692 
0.006283434513190378,0.975,1.0,0.99694 
0.00629687946867585,0.975,1.0,0.997 
0.0063103244241613215,0.975,1.0,0.99704 
0.006323769379646792,0.975,1.0,0.99708 
0.006337214335132264,0.975,1.0,0.99713 
0.006350659290617735,0.975,1.0,0.9972 
0.006364104246103206,0.975,1.0,0.99726 
0.006377549201588678,0.975,1.0,0.9973 
0.006390994157074149,0.975,1.0,0.99734 
0.00640443911255962,0.975,1.0,0.99741 
0.006417884068045092,0.975,1.0,0.99745 
0.006431329023530563,0.975,1.0,0.99747 
0.006444773979016034,0.975,1.0,0.99753 
0.006458218934501506,0.975,1.0,0.99757 
0.006471663889986977,0.975,1.0,0.99762 
0.006485108845472448,0.975,1.0,0.99766 
0.00649855380095792,0.975,1.0,0.9977 
0.006511998756443391,0.975,1.0,0.99774 
0.006525443711928862,0.975,1.0,0.99778 
0.0065388886674143335,0.975,1.0,0.99782 
0.006552333622899805,0.975,1.0,0.99786 
0.006565778578385276,0.975,1.0,0.99789 
0.0065792235338707475,0.975,1.0,0.99794 
0.006592668489356219,0.975,1.0,0.99799 
0.00660611344484169,0.975,1.0,0.99802 
0.006619558400327161,0.975,1.0,0.99806 
0.006633003355812633,0.975,1.0,0.9981 
0.006646448311298104,0.975,1.0,0.99811 
0.006659893266783575,0.975,1.0,0.99814 
0.006673338222269047,0.975,1.0,0.99818 
0.006686783177754518,0.975,1.0,0.99821 
0.006700228133239989,0.975,1.0,0.99824 
0.006713673088725461,0.975,1.0,0.9983 
0.006727118044210932,0.975,1.0,0.99832 
0.006740562999696403,0.975,1.0,0.99835 
0.006754007955181875,0.975,1.0,0.99838 
0.0067674529106673455,0.975,1.0,0.9984 
0.006780897866152817,0.975,1.0,0.99843 
0.006794342821638289,0.975,1.0,0.99846 
0.0068077877771237595,0.975,1.0,0.99846 
0.006821232732609231,0.975,1.0,0.99847 
0.006834677688094703,0.975,1.0,0.99851 
0.006848122643580173,0.975,1.0,0.99853 
0.006861567599065645,0.975,1.0,0.99858 
0.006875012554551117,0.975,1.0,0.99859 
0.006888457510036587,0.975,1.0,0.99859 
0.006901902465522059,0.975,1.0,0.99863 
0.0069153474210075306,0.975,1.0,0.99865 
0.006928792376493001,0.975,1.0,0.99868 
0.006942237331978473,0.975,1.0,0.99869 
0.0069556822874639445,0.975,1.0,0.99874 
0.006969127242949415,1.0,1.0,0.99875 
0.006982572198434887,1.0,1.0,0.99876 
0.0069960171539203584,1.0,1.0,0.99876 
0.007009462109405829,1.0,1.0,0.99878 
0.007022907064891301,1.0,1.0,0.99879 
0.007036352020376772,1.0,1.0,0.99879 
0.007049796975862243,1.0,1.0,0.99879 
0.007063241931347715,1.0,1.0,0.99881 
0.007076686886833186,1.0,1.0,0.99885 
0.007090131842318657,1.0,1.0,0.99886 
0.007103576797804129,1.0,1.0,0.99888 
0.0071170217532896,1.0,1.0,0.9989 
0.007130466708775071,1.0,1.0,0.9989 
0.007143911664260543,1.0,1.0,0.99894 
0.007157356619746014,1.0,1.0,0.99897 
0.007170801575231485,1.0,1.0,0.999 
0.0071842465307169565,1.0,1.0,0.999 
0.007197691486202428,1.0,1.0,0.999 
0.007211136441687899,1.0,1.0,0.99901 
0.0072245813971733705,1.0,1.0,0.99903 
0.007238026352658842,1.0,1.0,0.99906 
0.007251471308144313,1.0,1.0,0.99908 
0.007264916263629784,1.0,1.0,0.99909 
0.007278361219115256,1.0,1.0,0.9991 
0.007291806174600727,1.0,1.0,0.99911 
0.007305251130086198,1.0,1.0,0.99911 
0.00731869608557167,1.0,1.0,0.99911 
0.007332141041057141,1.0,1.0,0.99913 
0.007345585996542612,1.0,1.0,0.99913 
0.007359030952028084,1.0,1.0,0.99914 
0.007372475907513555,1.0,1.0,0.99915 
0.007385920862999026,1.0,1.0,0.99915 
0.007399365818484498,1.0,1.0,0.99916 
0.0074128107739699686,1.0,1.0,0.99916 
0.00742625572945544,1.0,1.0,0.99919 
0.007439700684940912,1.0,1.0,0.99919 
0.0074531456404263825,1.0,1.0,0.9992 
0.007466590595911854,1.0,1.0,0.9992 
0.007480035551397326,1.0,1.0,0.99922 
0.007493480506882796,1.0,1.0,0.99923 
0.007506925462368268,1.0,1.0,0.99924 
0.00752037041785374,1.0,1.0,0.99924 
0.00753381537333921,1.0,1.0,0.99924 
0.007547260328824682,1.0,1.0,0.99925 
0.007560705284310154,1.0,1.0,0.99927 
0.007574150239795624,1.0,1.0,0.99927 
0.007587595195281096,1.0,1.0,0.99929 
0.0076010401507665675,1.0,1.0,0.99929 
0.007614485106252038,1.0,1.0,0.99929 
0.00762793006173751,1.0,1.0,0.9993 
0.0076413750172229815,1.0,1.0,0.99932 
0.007654819972708452,1.0,1.0,0.99932 
