x,eeg_cdf,wishart_cdf,t_wishart_cdf 
16.326853896414637,0.0,0.0,1e-05 
16.340205894902486,0.0,0.0,1e-05 
16.35355789339033,0.0,0.0,2e-05 
16.36690989187818,0.0,0.0,2e-05 
16.380261890366025,0.0,0.0,3e-05 
16.393613888853874,0.0,0.0,3e-05 
16.40696588734172,0.0,0.0,3e-05 
16.42031788582957,0.0,0.0,4e-05 
16.433669884317418,0.0,0.0,4e-05 
16.447021882805263,0.0,0.0,4e-05 
16.460373881293112,0.0,0.0,5e-05 
16.473725879780957,0.0,0.0,5e-05 
16.487077878268806,0.0,0.0,5e-05 
16.50042987675665,0.0,0.0,5e-05 
16.5137818752445,0.0,0.0,6e-05 
16.52713387373235,0.0,0.0,6e-05 
16.540485872220195,0.0,0.0,6e-05 
16.553837870708044,0.0,0.0,6e-05 
16.56718986919589,0.0,0.0,7e-05 
16.58054186768374,0.0,0.0,8e-05 
16.593893866171584,0.0,0.0,9e-05 
16.607245864659433,0.0,0.0,9e-05 
16.62059786314728,0.0,0.0,9e-05 
16.633949861635127,0.0,0.0,0.00012 
16.647301860122976,0.0,0.0,0.00012 
16.66065385861082,0.0,0.0,0.00012 
16.67400585709867,0.0,0.0,0.00013 
16.687357855586516,0.0,0.0,0.00013 
16.700709854074365,0.0,0.0,0.00015 
16.714061852562214,0.0,0.0,0.00016 
16.72741385105006,0.0,0.0,0.00019 
16.740765849537908,0.0,0.0,0.0002 
16.754117848025754,0.0,0.0,0.00021 
16.767469846513603,0.0,0.0,0.00023 
16.780821845001448,0.0,0.0,0.00024 
16.794173843489297,0.0,0.0,0.00027 
16.807525841977146,0.0,0.0,0.00028 
16.82087784046499,0.0,0.0,0.00029 
16.83422983895284,0.0,0.0,0.00033 
16.847581837440686,0.0,0.0,0.00036 
16.860933835928535,0.0,0.0,0.00037 
16.87428583441638,0.0,0.0,0.0004 
16.88763783290423,0.0,0.0,0.00041 
16.900989831392078,0.0,0.0,0.00043 
16.914341829879923,0.0,0.0,0.00044 
16.927693828367772,0.0,0.0,0.00046 
16.941045826855618,0.0,0.0,0.00048 
16.954397825343467,0.0,0.0,0.00049 
16.967749823831312,0.0,0.0,0.00051 
16.98110182231916,0.0,0.0,0.00055 
16.99445382080701,0.0,0.0,0.00059 
17.007805819294855,0.0,0.0,0.00062 
17.021157817782704,0.0,0.0,0.00062 
17.03450981627055,0.0,0.0,0.00062 
17.0478618147584,0.0,0.0,0.00066 
17.061213813246244,0.0,0.0,0.0007 
17.074565811734093,0.0,0.0,0.00075 
17.087917810221942,0.0,0.0,0.00081 
17.101269808709787,0.0,0.0,0.00086 
17.114621807197636,0.0,0.0,0.00091 
17.127973805685482,0.0,0.0,0.00095 
17.14132580417333,0.0,0.0,0.00105 
17.154677802661176,0.0,0.0,0.0011 
17.168029801149025,0.0,0.0,0.00114 
17.181381799636874,0.0,0.0,0.0012 
17.19473379812472,0.0,0.0,0.0013 
17.20808579661257,0.0,0.0,0.00137 
17.221437795100414,0.0,0.0,0.00143 
17.234789793588263,0.0,0.0,0.00153 
17.248141792076108,0.0,0.0,0.00163 
17.261493790563957,0.0,0.0,0.0017 
17.274845789051806,0.0,0.0,0.00177 
17.28819778753965,0.0,0.0,0.0019 
17.3015497860275,0.0,0.0,0.00201 
17.314901784515346,0.0,0.0,0.00207 
17.328253783003195,0.0,0.0,0.00217 
17.34160578149104,0.0,0.0,0.00229 
17.35495777997889,0.0,0.0,0.00241 
17.368309778466738,0.0,0.0,0.00254 
17.381661776954584,0.0,0.0,0.00274 
17.395013775442433,0.0,0.0,0.0029 
17.408365773930278,0.0,0.0,0.00312 
17.421717772418127,0.0,0.0,0.0032 
17.435069770905972,0.0,0.0,0.0034 
17.44842176939382,0.0,0.0,0.00352 
17.46177376788167,0.0,0.0,0.00376 
17.475125766369516,0.0,0.0,0.00395 
17.488477764857365,0.0,0.0,0.00416 
17.50182976334521,0.0,0.0,0.00447 
17.51518176183306,0.0,0.0,0.00472 
17.528533760320904,0.0,0.0,0.00494 
17.541885758808753,0.0,0.0,0.00518 
17.555237757296602,0.0,0.0,0.00549 
17.568589755784448,0.0,0.0,0.00576 
17.581941754272297,0.0,0.0,0.00606 
17.595293752760142,0.0,0.0,0.00632 
17.60864575124799,0.0,0.0,0.00676 
17.621997749735836,0.0,0.0,0.00712 
17.635349748223685,0.0,0.0,0.00759 
17.648701746711534,0.0,0.0,0.00798 
17.66205374519938,0.0,0.0,0.00832 
17.67540574368723,0.0,0.0,0.0088 
17.688757742175074,0.0,0.0,0.00923 
17.702109740662923,0.0,0.0,0.00978 
17.71546173915077,0.0,0.0,0.01029 
17.728813737638617,0.0,0.0,0.01078 
17.742165736126466,0.0,0.0,0.01132 
17.755517734614312,0.0,0.0,0.01193 
17.76886973310216,0.0,0.0,0.01258 
17.782221731590006,0.0,0.0,0.01314 
17.795573730077855,0.0,0.0,0.01386 
17.8089257285657,0.0,0.0,0.01458 
17.82227772705355,0.0,0.0,0.01527 
17.8356297255414,0.0,0.0,0.0159 
17.848981724029244,0.0,0.0,0.01665 
17.862333722517093,0.0,0.0,0.01743 
17.87568572100494,0.0,0.0,0.01836 
17.889037719492787,0.0,0.0,0.0192 
17.902389717980633,0.0,0.0,0.02029 
17.91574171646848,0.0,0.0,0.02136 
17.92909371495633,0.0,0.0,0.02237 
17.942445713444176,0.0,0.0,0.02332 
17.955797711932025,0.0,0.0,0.02443 
17.96914971041987,0.0,0.0,0.02548 
17.98250170890772,0.0,0.0,0.02658 
17.995853707395565,0.0,0.0,0.02788 
18.009205705883414,0.0,0.0,0.0293 
18.022557704371263,0.0,0.0,0.03044 
18.035909702859108,0.0,0.0,0.03175 
18.049261701346957,0.0,0.0,0.0332 
18.062613699834802,0.0,0.0,0.03474 
18.07596569832265,0.0,0.0,0.03619 
18.089317696810497,0.0,0.0,0.03781 
18.102669695298346,0.0,0.0,0.03944 
18.116021693786195,0.0,0.0,0.04086 
18.12937369227404,0.0,0.0,0.04254 
18.14272569076189,0.025,0.0,0.04454 
18.156077689249734,0.025,0.0,0.04656 
18.169429687737583,0.025,0.0,0.04866 
18.18278168622543,0.025,0.0,0.0509 
18.196133684713278,0.025,0.0,0.05311 
18.209485683201127,0.025,0.0,0.05527 
18.222837681688972,0.025,0.0,0.05731 
18.23618968017682,0.025,0.0,0.0595 
18.249541678664666,0.025,0.0,0.06183 
18.262893677152515,0.05,0.0,0.06396 
18.27624567564036,0.05,0.0,0.06626 
18.28959767412821,0.05,0.0,0.06876 
18.30294967261606,0.05,0.0,0.07156 
18.316301671103904,0.05,0.0,0.07448 
18.329653669591753,0.05,0.0,0.07728 
18.3430056680796,0.05,0.0,0.08043 
18.356357666567447,0.05,0.0,0.08325 
18.369709665055293,0.05,0.0,0.08622 
18.383061663543142,0.05,0.0,0.08953 
18.396413662030987,0.05,0.0,0.0926 
18.409765660518836,0.05,0.0,0.09604 
18.423117659006685,0.05,0.0,0.09931 
18.43646965749453,0.05,0.0,0.10286 
18.44982165598238,0.05,0.0,0.10634 
18.463173654470225,0.05,0.0,0.1101 
18.476525652958074,0.05,0.0,0.11409 
18.489877651445923,0.05,0.0,0.1181 
18.50322964993377,0.05,0.0,0.12205 
18.516581648421617,0.05,0.0,0.12615 
18.529933646909463,0.05,0.0,0.13071 
18.54328564539731,0.05,0.0,0.13516 
18.556637643885157,0.05,0.0,0.13982 
18.569989642373006,0.05,0.0,0.14411 
18.58334164086085,0.05,0.0,0.1491 
18.5966936393487,0.05,0.0,0.15373 
18.61004563783655,0.05,0.0,0.15843 
18.623397636324395,0.05,0.0,0.16315 
18.636749634812244,0.05,0.0,0.16819 
18.65010163330009,0.075,0.0,0.17331 
18.663453631787938,0.1,0.0,0.17845 
18.676805630275787,0.1,0.0,0.1836 
18.690157628763632,0.1,0.0,0.18911 
18.70350962725148,0.1,0.0,0.19427 
18.716861625739327,0.1,0.0,0.20043 
18.730213624227176,0.125,0.0,0.20627 
18.74356562271502,0.125,0.0,0.21189 
18.75691762120287,0.125,0.0,0.21768 
18.770269619690716,0.125,0.0,0.22363 
18.783621618178564,0.125,0.0,0.22947 
18.796973616666413,0.15,0.0,0.23569 
18.81032561515426,0.175,0.0,0.24226 
18.823677613642108,0.175,0.0,0.24882 
18.837029612129953,0.2,0.0,0.25571 
18.850381610617802,0.2,0.0,0.2629 
18.86373360910565,0.225,0.0,0.26951 
18.877085607593497,0.225,0.0,0.27648 
18.890437606081345,0.25,0.0,0.28345 
18.90378960456919,0.25,1e-05,0.29029 
18.91714160305704,0.25,4e-05,0.29757 
18.930493601544885,0.25,6e-05,0.3048 
18.943845600032734,0.25,0.00015,0.31235 
18.95719759852058,0.275,0.00026,0.32004 
18.97054959700843,0.275,0.00059,0.32697 
18.983901595496278,0.275,0.00126,0.33451 
18.997253593984123,0.275,0.00255,0.3422 
19.010605592471972,0.3,0.0049,0.34993 
19.023957590959817,0.3,0.00908,0.35772 
19.037309589447666,0.3,0.01544,0.36514 
19.050661587935515,0.3,0.02626,0.37292 
19.06401358642336,0.3,0.04284,0.38088 
19.07736558491121,0.3,0.06616,0.3892 
19.090717583399055,0.325,0.09893,0.39706 
19.104069581886904,0.325,0.14189,0.40532 
19.11742158037475,0.325,0.19381,0.41341 
19.1307735788626,0.35,0.25696,0.42185 
19.144125577350444,0.375,0.33011,0.43022 
19.157477575838293,0.375,0.40961,0.43848 
19.17082957432614,0.375,0.49474,0.44673 
19.184181572813987,0.375,0.57869,0.45495 
19.197533571301836,0.4,0.65914,0.4636 
19.21088556978968,0.4,0.73362,0.47197 
19.22423756827753,0.425,0.79675,0.48032 
19.23758956676538,0.425,0.85139,0.48906 
19.250941565253225,0.425,0.89497,0.49754 
19.264293563741074,0.425,0.92854,0.50588 
19.27764556222892,0.425,0.95314,0.51418 
19.290997560716768,0.475,0.97051,0.52336 
19.304349559204613,0.475,0.98209,0.53163 
19.317701557692462,0.475,0.98958,0.5408 
19.331053556180308,0.5,0.99413,0.54967 
19.344405554668157,0.525,0.99663,0.55817 
19.357757553156006,0.525,0.99816,0.56683 
19.37110955164385,0.525,0.99896,0.57571 
19.3844615501317,0.525,0.99946,0.58422 
19.397813548619546,0.525,0.99978,0.59307 
19.411165547107395,0.525,0.99992,0.60136 
19.424517545595243,0.525,0.99995,0.61007 
19.43786954408309,0.525,0.99999,0.61878 
19.451221542570938,0.525,1.0,0.62646 
19.464573541058783,0.525,1.0,0.63457 
19.477925539546632,0.525,1.0,0.64241 
19.491277538034478,0.525,1.0,0.65045 
19.504629536522327,0.525,1.0,0.6586 
19.517981535010172,0.525,1.0,0.66694 
19.53133353349802,0.525,1.0,0.67492 
19.54468553198587,0.525,1.0,0.683 
19.558037530473715,0.525,1.0,0.69067 
19.571389528961564,0.525,1.0,0.6984 
19.58474152744941,0.55,1.0,0.7062 
19.59809352593726,0.575,1.0,0.71405 
19.611445524425108,0.575,1.0,0.72115 
19.624797522912953,0.575,1.0,0.72812 
19.638149521400802,0.575,1.0,0.7357 
19.651501519888647,0.575,1.0,0.74281 
19.664853518376496,0.575,1.0,0.75028 
19.67820551686434,0.575,1.0,0.75696 
19.69155751535219,0.6,1.0,0.76379 
19.704909513840036,0.625,1.0,0.77089 
19.718261512327885,0.625,1.0,0.7779 
19.731613510815734,0.625,1.0,0.78434 
19.74496550930358,0.65,1.0,0.79106 
19.75831750779143,0.65,1.0,0.79764 
19.771669506279274,0.65,1.0,0.8038 
19.785021504767123,0.65,1.0,0.80957 
19.79837350325497,0.65,1.0,0.8156 
19.811725501742817,0.675,1.0,0.82172 
19.825077500230666,0.7,1.0,0.82752 
19.83842949871851,0.725,1.0,0.83281 
19.85178149720636,0.725,1.0,0.83839 
19.865133495694206,0.725,1.0,0.8436 
19.878485494182055,0.75,1.0,0.84913 
19.8918374926699,0.775,1.0,0.8541 
19.90518949115775,0.775,1.0,0.85947 
19.918541489645598,0.775,1.0,0.86468 
19.931893488133444,0.8,1.0,0.86928 
19.945245486621292,0.8,1.0,0.87401 
19.958597485109138,0.8,1.0,0.87906 
19.971949483596987,0.8,1.0,0.88341 
19.985301482084836,0.8,1.0,0.88789 
19.99865348057268,0.8,1.0,0.89222 
20.01200547906053,0.8,1.0,0.89652 
20.025357477548376,0.8,1.0,0.90052 
20.038709476036225,0.8,1.0,0.90454 
20.05206147452407,0.825,1.0,0.90805 
20.06541347301192,0.825,1.0,0.91201 
20.078765471499764,0.825,1.0,0.91528 
20.092117469987613,0.825,1.0,0.91883 
20.105469468475462,0.825,1.0,0.92237 
20.118821466963308,0.85,1.0,0.92546 
20.132173465451157,0.85,1.0,0.92859 
20.145525463939002,0.85,1.0,0.93147 
20.15887746242685,0.85,1.0,0.93449 
20.1722294609147,0.85,1.0,0.9374 
20.185581459402545,0.85,1.0,0.94 
20.198933457890394,0.85,1.0,0.94266 
20.21228545637824,0.85,1.0,0.94518 
20.22563745486609,0.85,1.0,0.94763 
20.238989453353934,0.85,1.0,0.95045 
20.252341451841783,0.85,1.0,0.95265 
20.26569345032963,0.85,1.0,0.95481 
20.279045448817477,0.85,1.0,0.9572 
20.292397447305326,0.875,1.0,0.95934 
20.30574944579317,0.875,1.0,0.96161 
20.31910144428102,0.875,1.0,0.96379 
20.332453442768866,0.875,1.0,0.96553 
20.345805441256715,0.875,1.0,0.96743 
20.359157439744564,0.875,1.0,0.96914 
20.37250943823241,0.875,1.0,0.97085 
20.38586143672026,0.9,1.0,0.97243 
20.399213435208104,0.9,1.0,0.97392 
20.412565433695953,0.9,1.0,0.97546 
20.4259174321838,0.9,1.0,0.97679 
20.439269430671647,0.9,1.0,0.97816 
20.452621429159493,0.9,1.0,0.97942 
20.46597342764734,0.9,1.0,0.98046 
20.47932542613519,0.9,1.0,0.98162 
20.492677424623036,0.925,1.0,0.98276 
20.506029423110885,0.925,1.0,0.98376 
20.51938142159873,0.925,1.0,0.98469 
20.53273342008658,0.925,1.0,0.98555 
20.546085418574428,0.95,1.0,0.98644 
20.559437417062274,0.95,1.0,0.98716 
20.572789415550123,0.95,1.0,0.98795 
20.586141414037968,0.95,1.0,0.98867 
20.599493412525817,0.95,1.0,0.98931 
20.612845411013666,0.95,1.0,0.99006 
20.62619740950151,0.95,1.0,0.99067 
20.639549407989357,0.975,1.0,0.99126 
20.652901406477206,0.975,1.0,0.99183 
20.666253404965055,0.975,1.0,0.99233 
20.6796054034529,0.975,1.0,0.99277 
20.69295740194075,0.975,1.0,0.99303 
20.706309400428594,0.975,1.0,0.9935 
20.719661398916443,0.975,1.0,0.99395 
20.733013397404292,0.975,1.0,0.99437 
20.746365395892138,0.975,1.0,0.99476 
20.759717394379987,0.975,1.0,0.99514 
20.773069392867832,0.975,1.0,0.99555 
20.78642139135568,0.975,1.0,0.99581 
20.79977338984353,0.975,1.0,0.99601 
20.813125388331375,0.975,1.0,0.99628 
20.82647738681922,0.975,1.0,0.99653 
20.83982938530707,0.975,1.0,0.9968 
20.85318138379492,0.975,1.0,0.99704 
20.866533382282764,0.975,1.0,0.99721 
20.879885380770613,0.975,1.0,0.99738 
20.89323737925846,0.975,1.0,0.99754 
20.906589377746307,1.0,1.0,0.99772 
20.919941376234156,1.0,1.0,0.99788 
20.933293374722002,1.0,1.0,0.99799 
20.94664537320985,1.0,1.0,0.9981 
20.959997371697696,1.0,1.0,0.99825 
20.973349370185545,1.0,1.0,0.99832 
20.986701368673394,1.0,1.0,0.9984 
21.00005336716124,1.0,1.0,0.99858 
21.013405365649085,1.0,1.0,0.99875 
21.026757364136934,1.0,1.0,0.99887 
21.040109362624783,1.0,1.0,0.999 
21.05346136111263,1.0,1.0,0.99909 
21.066813359600477,1.0,1.0,0.99917 
21.080165358088323,1.0,1.0,0.99923 
21.09351735657617,1.0,1.0,0.99927 
21.10686935506402,1.0,1.0,0.99932 
21.120221353551866,1.0,1.0,0.99938 
21.133573352039715,1.0,1.0,0.99942 
21.14692535052756,1.0,1.0,0.99946 
21.16027734901541,1.0,1.0,0.99957 
21.173629347503258,1.0,1.0,0.99959 
21.186981345991104,1.0,1.0,0.99962 
21.20033334447895,1.0,1.0,0.99965 
21.213685342966798,1.0,1.0,0.99969 
21.227037341454647,1.0,1.0,0.9997 
21.240389339942492,1.0,1.0,0.99971 
21.25374133843034,1.0,1.0,0.99975 
21.267093336918187,1.0,1.0,0.99979 
21.280445335406036,1.0,1.0,0.99981 
21.293797333893885,1.0,1.0,0.99982 
21.30714933238173,1.0,1.0,0.99983 
21.32050133086958,1.0,1.0,0.99983 
21.333853329357424,1.0,1.0,0.99985 
21.347205327845273,1.0,1.0,0.99986 
21.360557326333122,1.0,1.0,0.99986 
21.373909324820968,1.0,1.0,0.99986 
21.387261323308813,1.0,1.0,0.99986 
21.400613321796662,1.0,1.0,0.99989 
21.41396532028451,1.0,1.0,0.99991 
21.427317318772356,1.0,1.0,0.99994 
21.440669317260205,1.0,1.0,0.99994 
21.45402131574805,1.0,1.0,0.99995 
21.4673733142359,1.0,1.0,0.99996 
21.48072531272375,1.0,1.0,0.99997 
21.494077311211594,1.0,1.0,0.99997 
21.507429309699443,1.0,1.0,0.99997 
21.52078130818729,1.0,1.0,0.99997 
21.534133306675137,1.0,1.0,0.99998 
21.547485305162983,1.0,1.0,0.99998 
21.560837303650832,1.0,1.0,0.99998 
21.574189302138677,1.0,1.0,0.99998 
21.587541300626526,1.0,1.0,0.99998 
21.600893299114375,1.0,1.0,0.99998 
21.61424529760222,1.0,1.0,0.99998 
21.62759729609007,1.0,1.0,0.99998 
21.640949294577915,1.0,1.0,0.99998 
21.654301293065764,1.0,1.0,0.99998 
21.667653291553613,1.0,1.0,0.99998 
21.68100529004146,1.0,1.0,0.99998 
21.694357288529307,1.0,1.0,0.99998 
21.707709287017153,1.0,1.0,0.99998 
21.721061285505,1.0,1.0,0.99999 
21.734413283992847,1.0,1.0,0.99999 
21.747765282480696,1.0,1.0,0.99999 
21.76111728096854,1.0,1.0,1.0 
21.77446927945639,1.0,1.0,1.0 
21.78782127794424,1.0,1.0,1.0 
21.801173276432085,1.0,1.0,1.0 
21.814525274919934,1.0,1.0,1.0 
21.82787727340778,1.0,1.0,1.0 
21.841229271895628,1.0,1.0,1.0 
21.854581270383477,1.0,1.0,1.0 
21.867933268871322,1.0,1.0,1.0 
21.88128526735917,1.0,1.0,1.0 
21.894637265847017,1.0,1.0,1.0 
21.907989264334866,1.0,1.0,1.0 
21.92134126282271,1.0,1.0,1.0 
21.93469326131056,1.0,1.0,1.0 
21.948045259798405,1.0,1.0,1.0 
21.961397258286254,1.0,1.0,1.0 
21.974749256774103,1.0,1.0,1.0 
21.98810125526195,1.0,1.0,1.0 
22.001453253749798,1.0,1.0,1.0 
22.014805252237643,1.0,1.0,1.0 
22.028157250725492,1.0,1.0,1.0 
22.04150924921334,1.0,1.0,1.0 
22.054861247701186,1.0,1.0,1.0 
22.068213246189035,1.0,1.0,1.0 
22.08156524467688,1.0,1.0,1.0 
22.09491724316473,1.0,1.0,1.0 
22.108269241652575,1.0,1.0,1.0 
22.121621240140424,1.0,1.0,1.0 
22.13497323862827,1.0,1.0,1.0 
22.14832523711612,1.0,1.0,1.0 
22.161677235603968,1.0,1.0,1.0 
22.175029234091813,1.0,1.0,1.0 
22.188381232579662,1.0,1.0,1.0 
22.201733231067507,1.0,1.0,1.0 
22.215085229555356,1.0,1.0,1.0 
22.228437228043205,1.0,1.0,1.0 
22.24178922653105,1.0,1.0,1.0 
22.2551412250189,1.0,1.0,1.0 
22.268493223506745,1.0,1.0,1.0 
22.281845221994594,1.0,1.0,1.0 
22.29519722048244,1.0,1.0,1.0 
22.30854921897029,1.0,1.0,1.0 
22.321901217458134,1.0,1.0,1.0 
22.335253215945983,1.0,1.0,1.0 
22.34860521443383,1.0,1.0,1.0 
22.361957212921677,1.0,1.0,1.0 
22.375309211409526,1.0,1.0,1.0 
22.38866120989737,1.0,1.0,1.0 
22.40201320838522,1.0,1.0,1.0 
22.41536520687307,1.0,1.0,1.0 
22.428717205360915,1.0,1.0,1.0 
22.442069203848764,1.0,1.0,1.0 
22.45542120233661,1.0,1.0,1.0 
22.468773200824458,1.0,1.0,1.0 
22.482125199312303,1.0,1.0,1.0 
22.495477197800152,1.0,1.0,1.0 
22.508829196287998,1.0,1.0,1.0 
22.522181194775847,1.0,1.0,1.0 
22.535533193263696,1.0,1.0,1.0 
22.54888519175154,1.0,1.0,1.0 
22.56223719023939,1.0,1.0,1.0 
22.575589188727236,1.0,1.0,1.0 
22.588941187215084,1.0,1.0,1.0 
22.602293185702933,1.0,1.0,1.0 
22.61564518419078,1.0,1.0,1.0 
22.628997182678628,1.0,1.0,1.0 
22.642349181166473,1.0,1.0,1.0 
22.655701179654322,1.0,1.0,1.0 
22.669053178142168,1.0,1.0,1.0 
22.682405176630017,1.0,1.0,1.0 
22.695757175117862,1.0,1.0,1.0 
22.70910917360571,1.0,1.0,1.0 
22.72246117209356,1.0,1.0,1.0 
22.735813170581405,1.0,1.0,1.0 
22.749165169069254,1.0,1.0,1.0 
22.7625171675571,1.0,1.0,1.0 
22.77586916604495,1.0,1.0,1.0 
22.789221164532798,1.0,1.0,1.0 
22.802573163020643,1.0,1.0,1.0 
22.815925161508492,1.0,1.0,1.0 
22.829277159996337,1.0,1.0,1.0 
22.842629158484186,1.0,1.0,1.0 
22.85598115697203,1.0,1.0,1.0 
22.86933315545988,1.0,1.0,1.0 
22.882685153947726,1.0,1.0,1.0 
22.896037152435575,1.0,1.0,1.0 
22.909389150923424,1.0,1.0,1.0 
22.92274114941127,1.0,1.0,1.0 
22.93609314789912,1.0,1.0,1.0 
22.949445146386964,1.0,1.0,1.0 
22.962797144874813,1.0,1.0,1.0 
22.97614914336266,1.0,1.0,1.0 
22.989501141850507,1.0,1.0,1.0 
