x,eeg_cdf,wishart_cdf,t_wishart_cdf 
16.149783470966973,0.0,0.0,1e-05 
16.16265549789229,0.0,0.0,1e-05 
16.175527524817603,0.0,0.0,3e-05 
16.18839955174292,0.0,0.0,3e-05 
16.201271578668234,0.0,0.0,5e-05 
16.214143605593552,0.0,0.0,5e-05 
16.227015632518867,0.0,0.0,5e-05 
16.239887659444182,0.0,0.0,5e-05 
16.252759686369497,0.0,0.0,6e-05 
16.265631713294812,0.0,0.0,6e-05 
16.278503740220128,0.0,0.0,6e-05 
16.291375767145443,0.0,0.0,6e-05 
16.304247794070758,0.0,0.0,6e-05 
16.317119820996073,0.0,0.0,6e-05 
16.329991847921388,0.0,0.0,9e-05 
16.342863874846707,0.0,0.0,0.0001 
16.35573590177202,0.0,0.0,0.0001 
16.368607928697337,0.0,0.0,0.00011 
16.381479955622652,0.0,0.0,0.00011 
16.394351982547967,0.0,0.0,0.00014 
16.407224009473282,0.0,0.0,0.00015 
16.420096036398597,0.0,0.0,0.00015 
16.432968063323912,0.0,0.0,0.00015 
16.445840090249227,0.0,0.0,0.00015 
16.458712117174542,0.0,0.0,0.00015 
16.47158414409986,0.0,0.0,0.00016 
16.484456171025176,0.0,0.0,0.00016 
16.49732819795049,0.0,0.0,0.00018 
16.510200224875806,0.0,0.0,0.00021 
16.52307225180112,0.0,0.0,0.00021 
16.535944278726436,0.0,0.0,0.00023 
16.54881630565175,0.0,0.0,0.00025 
16.561688332577067,0.0,0.0,0.00028 
16.57456035950238,0.0,0.0,0.0003 
16.5874323864277,0.0,0.0,0.00032 
16.600304413353015,0.0,0.0,0.00035 
16.61317644027833,0.0,0.0,0.0004 
16.626048467203645,0.0,0.0,0.00043 
16.63892049412896,0.0,0.0,0.00046 
16.651792521054276,0.0,0.0,0.00047 
16.66466454797959,0.0,0.0,0.00049 
16.677536574904906,0.0,0.0,0.00053 
16.69040860183022,0.0,0.0,0.00057 
16.703280628755536,0.0,0.0,0.00062 
16.716152655680855,0.0,0.0,0.00063 
16.72902468260617,0.0,0.0,0.00065 
16.741896709531485,0.0,0.0,0.00069 
16.7547687364568,0.0,0.0,0.00069 
16.767640763382115,0.0,0.0,0.0007 
16.78051279030743,0.0,0.0,0.00073 
16.793384817232745,0.0,0.0,0.0008 
16.80625684415806,0.0,0.0,0.00088 
16.819128871083375,0.0,0.0,0.00091 
16.832000898008694,0.0,0.0,0.00094 
16.84487292493401,0.0,0.0,0.00103 
16.857744951859324,0.0,0.0,0.00107 
16.87061697878464,0.0,0.0,0.0011 
16.883489005709954,0.0,0.0,0.00118 
16.89636103263527,0.0,0.0,0.00124 
16.909233059560584,0.0,0.0,0.00129 
16.9221050864859,0.0,0.0,0.00136 
16.934977113411215,0.0,0.0,0.0014 
16.94784914033653,0.0,0.0,0.00144 
16.96072116726185,0.0,0.0,0.00156 
16.973593194187163,0.0,0.0,0.00171 
16.98646522111248,0.0,0.0,0.0018 
16.999337248037794,0.0,0.0,0.00187 
17.01220927496311,0.0,0.0,0.002 
17.025081301888424,0.0,0.0,0.0021 
17.03795332881374,0.0,0.0,0.0022 
17.050825355739054,0.0,0.0,0.00231 
17.06369738266437,0.0,0.0,0.00245 
17.076569409589688,0.0,0.0,0.00255 
17.089441436515003,0.0,0.0,0.00265 
17.102313463440318,0.0,0.0,0.00286 
17.115185490365633,0.0,0.0,0.003 
17.128057517290948,0.0,0.0,0.00318 
17.140929544216263,0.0,0.0,0.00333 
17.153801571141578,0.0,0.0,0.00348 
17.166673598066893,0.0,0.0,0.00366 
17.17954562499221,0.0,0.0,0.00386 
17.192417651917523,0.0,0.0,0.00401 
17.20528967884284,0.0,0.0,0.00421 
17.218161705768157,0.0,0.0,0.00439 
17.231033732693472,0.0,0.0,0.00462 
17.243905759618787,0.0,0.0,0.00487 
17.256777786544102,0.0,0.0,0.00513 
17.269649813469417,0.0,0.0,0.00545 
17.282521840394732,0.0,0.0,0.00562 
17.295393867320048,0.0,0.0,0.00583 
17.308265894245363,0.0,0.0,0.00612 
17.321137921170678,0.0,0.0,0.00646 
17.334009948095996,0.0,0.0,0.00676 
17.34688197502131,0.0,0.0,0.00706 
17.359754001946627,0.0,0.0,0.00736 
17.37262602887194,0.0,0.0,0.00763 
17.385498055797257,0.0,0.0,0.00803 
17.398370082722572,0.0,0.0,0.00847 
17.411242109647887,0.0,0.0,0.00883 
17.424114136573202,0.0,0.0,0.00913 
17.436986163498517,0.0,0.0,0.0094 
17.449858190423832,0.0,0.0,0.00975 
17.46273021734915,0.0,0.0,0.00999 
17.475602244274466,0.0,0.0,0.01044 
17.48847427119978,0.0,0.0,0.01097 
17.501346298125096,0.0,0.0,0.01162 
17.51421832505041,0.0,0.0,0.01209 
17.527090351975726,0.0,0.0,0.01266 
17.53996237890104,0.0,0.0,0.01317 
17.552834405826356,0.0,0.0,0.01386 
17.56570643275167,0.0,0.0,0.01445 
17.57857845967699,0.0,0.0,0.01518 
17.591450486602305,0.0,0.0,0.01582 
17.60432251352762,0.0,0.0,0.01644 
17.617194540452935,0.0,0.0,0.01719 
17.63006656737825,0.0,0.0,0.01805 
17.642938594303565,0.0,0.0,0.01873 
17.65581062122888,0.0,0.0,0.01941 
17.668682648154196,0.0,0.0,0.02026 
17.68155467507951,0.0,0.0,0.02106 
17.694426702004826,0.0,0.0,0.02208 
17.707298728930144,0.0,0.0,0.02303 
17.72017075585546,0.0,0.0,0.02393 
17.733042782780775,0.0,0.0,0.02495 
17.74591480970609,0.0,0.0,0.02598 
17.758786836631405,0.0,0.0,0.02686 
17.77165886355672,0.0,0.0,0.02804 
17.784530890482035,0.0,0.0,0.02904 
17.79740291740735,0.0,0.0,0.03031 
17.810274944332665,0.0,0.0,0.03141 
17.823146971257984,0.0,0.0,0.03262 
17.8360189981833,0.0,0.0,0.03383 
17.848891025108614,0.0,0.0,0.03542 
17.86176305203393,0.0,0.0,0.03693 
17.874635078959244,0.0,0.0,0.03844 
17.88750710588456,0.0,0.0,0.03989 
17.900379132809874,0.0,0.0,0.04142 
17.91325115973519,0.0,0.0,0.04272 
17.926123186660504,0.0,0.0,0.0445 
17.93899521358582,0.0,0.0,0.04613 
17.951867240511138,0.025,0.0,0.04784 
17.964739267436453,0.025,0.0,0.04969 
17.97761129436177,0.025,0.0,0.05163 
17.990483321287083,0.05,0.0,0.05357 
18.0033553482124,0.05,0.0,0.05539 
18.016227375137714,0.05,0.0,0.05726 
18.02909940206303,0.05,0.0,0.05949 
18.041971428988344,0.05,0.0,0.06151 
18.05484345591366,0.05,0.0,0.06341 
18.067715482838977,0.05,0.0,0.06568 
18.080587509764293,0.05,0.0,0.06789 
18.093459536689608,0.05,0.0,0.07017 
18.106331563614923,0.05,0.0,0.07235 
18.119203590540238,0.05,0.0,0.07471 
18.132075617465553,0.05,0.0,0.07736 
18.144947644390868,0.05,0.0,0.08029 
18.157819671316183,0.05,0.0,0.08317 
18.170691698241498,0.05,0.0,0.08573 
18.183563725166813,0.05,0.0,0.08881 
18.19643575209213,0.05,0.0,0.09163 
18.209307779017447,0.05,0.0,0.09469 
18.222179805942762,0.05,0.0,0.09753 
18.235051832868077,0.05,0.0,0.10063 
18.247923859793392,0.05,0.0,0.10388 
18.260795886718707,0.05,0.0,0.10679 
18.273667913644022,0.05,0.0,0.1102 
18.286539940569337,0.05,0.0,0.11357 
18.299411967494652,0.05,0.0,0.11689 
18.31228399441997,0.05,0.0,0.12068 
18.325156021345286,0.075,0.0,0.12464 
18.3380280482706,0.075,0.0,0.12825 
18.350900075195916,0.075,0.0,0.13211 
18.36377210212123,0.075,0.0,0.13617 
18.376644129046547,0.075,0.0,0.14011 
18.38951615597186,0.075,0.0,0.14411 
18.402388182897177,0.075,0.0,0.14788 
18.415260209822492,0.075,0.0,0.15235 
18.428132236747807,0.1,0.0,0.15697 
18.441004263673122,0.1,0.0,0.16135 
18.45387629059844,0.1,0.0,0.16554 
18.466748317523756,0.1,0.0,0.17018 
18.47962034444907,0.1,0.0,0.17472 
18.492492371374386,0.1,0.0,0.17967 
18.5053643982997,0.1,0.0,0.18384 
18.518236425225016,0.1,0.0,0.18882 
18.53110845215033,0.1,0.0,0.1938 
18.543980479075646,0.1,0.0,0.19929 
18.556852506000965,0.1,0.0,0.20441 
18.56972453292628,0.125,0.0,0.20978 
18.582596559851595,0.15,0.0,0.21538 
18.59546858677691,0.15,0.0,0.2209 
18.608340613702225,0.15,0.0,0.2263 
18.62121264062754,0.15,0.0,0.23149 
18.634084667552855,0.175,0.0,0.23699 
18.64695669447817,0.175,0.0,0.24295 
18.659828721403485,0.2,0.0,0.24894 
18.6727007483288,0.225,0.0,0.25459 
18.685572775254116,0.225,0.0,0.26057 
18.698444802179434,0.25,0.0,0.26667 
18.71131682910475,0.275,0.0,0.27302 
18.724188856030064,0.275,1e-05,0.27927 
18.73706088295538,0.275,1e-05,0.28576 
18.749932909880695,0.275,1e-05,0.29199 
18.76280493680601,0.275,1e-05,0.29855 
18.775676963731325,0.275,2e-05,0.30519 
18.78854899065664,0.3,3e-05,0.31175 
18.801421017581955,0.3,7e-05,0.31869 
18.814293044507274,0.3,0.00015,0.32553 
18.82716507143259,0.3,0.0004,0.33248 
18.840037098357904,0.3,0.00085,0.33929 
18.85290912528322,0.3,0.00185,0.34622 
18.865781152208534,0.3,0.00334,0.35276 
18.87865317913385,0.3,0.00599,0.35963 
18.891525206059164,0.325,0.0102,0.36694 
18.90439723298448,0.325,0.01758,0.3741 
18.917269259909794,0.35,0.02896,0.38157 
18.93014128683511,0.35,0.04609,0.38869 
18.943013313760428,0.375,0.06994,0.39607 
18.955885340685743,0.375,0.1024,0.40341 
18.968757367611058,0.375,0.14452,0.41069 
18.981629394536373,0.375,0.19601,0.41842 
18.99450142146169,0.375,0.25932,0.42605 
19.007373448387003,0.375,0.3286,0.43365 
19.02024547531232,0.375,0.40601,0.4415 
19.033117502237634,0.375,0.48716,0.44894 
19.04598952916295,0.375,0.56888,0.45647 
19.058861556088267,0.375,0.64718,0.46432 
19.071733583013582,0.375,0.7199,0.47248 
19.084605609938897,0.375,0.78312,0.47997 
19.097477636864213,0.375,0.83752,0.48743 
19.110349663789528,0.375,0.88268,0.49468 
19.123221690714843,0.375,0.91831,0.50287 
19.136093717640158,0.375,0.94538,0.51056 
19.148965744565473,0.375,0.96434,0.51798 
19.161837771490788,0.375,0.97665,0.52597 
19.174709798416103,0.375,0.98602,0.5333 
19.187581825341418,0.375,0.99194,0.54123 
19.200453852266737,0.375,0.9954,0.54909 
19.213325879192052,0.375,0.99766,0.55645 
19.226197906117367,0.375,0.99889,0.56418 
19.239069933042682,0.375,0.99951,0.57179 
19.251941959967997,0.375,0.99974,0.57959 
19.264813986893312,0.375,0.99985,0.58722 
19.277686013818627,0.375,0.99994,0.5949 
19.290558040743942,0.375,0.99998,0.60211 
19.30343006766926,0.375,0.99999,0.60953 
19.316302094594576,0.4,1.0,0.6168 
19.32917412151989,0.4,1.0,0.62461 
19.342046148445206,0.4,1.0,0.63229 
19.35491817537052,0.4,1.0,0.63955 
19.367790202295836,0.425,1.0,0.64667 
19.38066222922115,0.425,1.0,0.65341 
19.393534256146467,0.425,1.0,0.66078 
19.40640628307178,0.475,1.0,0.66823 
19.419278309997097,0.5,1.0,0.67514 
19.432150336922412,0.525,1.0,0.68259 
19.44502236384773,0.525,1.0,0.68976 
19.457894390773046,0.525,1.0,0.69721 
19.47076641769836,0.525,1.0,0.70424 
19.483638444623676,0.525,1.0,0.71075 
19.49651047154899,0.575,1.0,0.71796 
19.509382498474306,0.6,1.0,0.7243 
19.52225452539962,0.6,1.0,0.73104 
19.535126552324936,0.6,1.0,0.73752 
19.547998579250255,0.6,1.0,0.74353 
19.56087060617557,0.6,1.0,0.75015 
19.573742633100885,0.6,1.0,0.75682 
19.5866146600262,0.6,1.0,0.76334 
19.599486686951515,0.65,1.0,0.76982 
19.61235871387683,0.65,1.0,0.77611 
19.625230740802145,0.65,1.0,0.78179 
19.63810276772746,0.65,1.0,0.78715 
19.650974794652775,0.65,1.0,0.79293 
19.66384682157809,0.675,1.0,0.79894 
19.676718848503405,0.675,1.0,0.80457 
19.689590875428724,0.675,1.0,0.81025 
19.70246290235404,0.675,1.0,0.81567 
19.715334929279354,0.675,1.0,0.82112 
19.72820695620467,0.675,1.0,0.82618 
19.741078983129984,0.675,1.0,0.83132 
19.7539510100553,0.7,1.0,0.83646 
19.766823036980615,0.725,1.0,0.84157 
19.77969506390593,0.725,1.0,0.84631 
19.792567090831245,0.725,1.0,0.85094 
19.805439117756563,0.75,1.0,0.85566 
19.81831114468188,0.75,1.0,0.86028 
19.831183171607194,0.75,1.0,0.86489 
19.84405519853251,0.75,1.0,0.86911 
19.856927225457824,0.75,1.0,0.87336 
19.86979925238314,0.75,1.0,0.87795 
19.882671279308454,0.75,1.0,0.88238 
19.89554330623377,0.75,1.0,0.88664 
19.908415333159084,0.75,1.0,0.8908 
19.9212873600844,0.75,1.0,0.89453 
19.934159387009718,0.75,1.0,0.89826 
19.947031413935033,0.8,1.0,0.90195 
19.959903440860348,0.8,1.0,0.90581 
19.972775467785663,0.8,1.0,0.90956 
19.985647494710978,0.8,1.0,0.91313 
19.998519521636293,0.825,1.0,0.91668 
20.01139154856161,0.825,1.0,0.91988 
20.024263575486923,0.825,1.0,0.92312 
20.03713560241224,0.825,1.0,0.92627 
20.050007629337557,0.85,1.0,0.92912 
20.062879656262872,0.85,1.0,0.93193 
20.075751683188187,0.85,1.0,0.9349 
20.088623710113502,0.85,1.0,0.93759 
20.101495737038817,0.875,1.0,0.94031 
20.114367763964133,0.875,1.0,0.94265 
20.127239790889448,0.875,1.0,0.94499 
20.140111817814763,0.875,1.0,0.94725 
20.152983844740078,0.875,1.0,0.94952 
20.165855871665393,0.875,1.0,0.95161 
20.178727898590708,0.9,1.0,0.95376 
20.191599925516027,0.9,1.0,0.95584 
20.20447195244134,0.9,1.0,0.95797 
20.217343979366657,0.9,1.0,0.95989 
20.230216006291972,0.925,1.0,0.96189 
20.243088033217287,0.925,1.0,0.96346 
20.255960060142602,0.925,1.0,0.96522 
20.268832087067917,0.925,1.0,0.96686 
20.281704113993236,0.925,1.0,0.96833 
20.29457614091855,0.925,1.0,0.96991 
20.307448167843866,0.95,1.0,0.97143 
20.32032019476918,0.95,1.0,0.97303 
20.333192221694496,0.95,1.0,0.97427 
20.34606424861981,0.95,1.0,0.97565 
20.358936275545126,0.95,1.0,0.97673 
20.37180830247044,0.95,1.0,0.97778 
20.384680329395756,0.95,1.0,0.97889 
20.39755235632107,0.975,1.0,0.97988 
20.410424383246387,0.975,1.0,0.98076 
20.4232964101717,0.975,1.0,0.98178 
20.43616843709702,0.975,1.0,0.98266 
20.449040464022335,0.975,1.0,0.98358 
20.46191249094765,0.975,1.0,0.98451 
20.474784517872965,0.975,1.0,0.98531 
20.48765654479828,0.975,1.0,0.98622 
20.500528571723596,0.975,1.0,0.98709 
20.51340059864891,0.975,1.0,0.98782 
20.526272625574226,1.0,1.0,0.98842 
20.539144652499544,1.0,1.0,0.98899 
20.55201667942486,1.0,1.0,0.98972 
20.564888706350175,1.0,1.0,0.99026 
20.57776073327549,1.0,1.0,0.99079 
20.590632760200805,1.0,1.0,0.99127 
20.60350478712612,1.0,1.0,0.99182 
20.616376814051435,1.0,1.0,0.99235 
20.62924884097675,1.0,1.0,0.99272 
20.642120867902065,1.0,1.0,0.99303 
20.65499289482738,1.0,1.0,0.99354 
20.667864921752695,1.0,1.0,0.99405 
20.68073694867801,1.0,1.0,0.99435 
20.69360897560333,1.0,1.0,0.99472 
20.706481002528644,1.0,1.0,0.9951 
20.71935302945396,1.0,1.0,0.99544 
20.732225056379274,1.0,1.0,0.99577 
20.74509708330459,1.0,1.0,0.99616 
20.757969110229904,1.0,1.0,0.99642 
20.77084113715522,1.0,1.0,0.99669 
20.783713164080538,1.0,1.0,0.99696 
20.796585191005853,1.0,1.0,0.99718 
20.80945721793117,1.0,1.0,0.99743 
20.822329244856483,1.0,1.0,0.99761 
20.8352012717818,1.0,1.0,0.99771 
20.848073298707114,1.0,1.0,0.99784 
20.86094532563243,1.0,1.0,0.99797 
20.873817352557744,1.0,1.0,0.99811 
20.88668937948306,1.0,1.0,0.99819 
20.899561406408374,1.0,1.0,0.99835 
20.91243343333369,1.0,1.0,0.99843 
20.925305460259004,1.0,1.0,0.9985 
20.938177487184323,1.0,1.0,0.99858 
20.951049514109638,1.0,1.0,0.9987 
20.963921541034953,1.0,1.0,0.9988 
20.976793567960268,1.0,1.0,0.99892 
20.989665594885583,1.0,1.0,0.99896 
21.002537621810898,1.0,1.0,0.99903 
21.015409648736213,1.0,1.0,0.99913 
21.028281675661532,1.0,1.0,0.99916 
21.041153702586847,1.0,1.0,0.9992 
21.054025729512162,1.0,1.0,0.99925 
21.066897756437477,1.0,1.0,0.99932 
21.079769783362792,1.0,1.0,0.99933 
21.092641810288107,1.0,1.0,0.99935 
21.105513837213422,1.0,1.0,0.9994 
21.118385864138737,1.0,1.0,0.99945 
21.131257891064053,1.0,1.0,0.99947 
21.144129917989368,1.0,1.0,0.99949 
21.157001944914683,1.0,1.0,0.99957 
21.169873971839998,1.0,1.0,0.99961 
21.182745998765316,1.0,1.0,0.99965 
21.19561802569063,1.0,1.0,0.99971 
21.208490052615947,1.0,1.0,0.99976 
21.22136207954126,1.0,1.0,0.99977 
21.234234106466577,1.0,1.0,0.99979 
21.247106133391892,1.0,1.0,0.99982 
21.259978160317207,1.0,1.0,0.99985 
21.272850187242526,1.0,1.0,0.99986 
21.28572221416784,1.0,1.0,0.99987 
21.298594241093156,1.0,1.0,0.99991 
21.31146626801847,1.0,1.0,0.99992 
21.324338294943786,1.0,1.0,0.99994 
21.3372103218691,1.0,1.0,0.99996 
21.350082348794416,1.0,1.0,0.99997 
21.36295437571973,1.0,1.0,0.99998 
21.375826402645046,1.0,1.0,0.99998 
21.38869842957036,1.0,1.0,0.99998 
21.401570456495676,1.0,1.0,0.99998 
21.41444248342099,1.0,1.0,0.99999 
21.42731451034631,1.0,1.0,0.99999 
21.440186537271625,1.0,1.0,0.99999 
21.45305856419694,1.0,1.0,0.99999 
21.465930591122255,1.0,1.0,0.99999 
21.47880261804757,1.0,1.0,0.99999 
21.491674644972885,1.0,1.0,0.99999 
21.5045466718982,1.0,1.0,0.99999 
21.517418698823516,1.0,1.0,0.99999 
21.530290725748834,1.0,1.0,0.99999 
21.54316275267415,1.0,1.0,1.0 
21.556034779599464,1.0,1.0,1.0 
21.56890680652478,1.0,1.0,1.0 
21.581778833450095,1.0,1.0,1.0 
21.59465086037541,1.0,1.0,1.0 
21.607522887300725,1.0,1.0,1.0 
21.62039491422604,1.0,1.0,1.0 
21.633266941151355,1.0,1.0,1.0 
21.64613896807667,1.0,1.0,1.0 
21.659010995001985,1.0,1.0,1.0 
21.6718830219273,1.0,1.0,1.0 
21.68475504885262,1.0,1.0,1.0 
21.697627075777934,1.0,1.0,1.0 
21.71049910270325,1.0,1.0,1.0 
21.723371129628564,1.0,1.0,1.0 
21.73624315655388,1.0,1.0,1.0 
21.749115183479194,1.0,1.0,1.0 
21.76198721040451,1.0,1.0,1.0 
21.774859237329828,1.0,1.0,1.0 
21.787731264255143,1.0,1.0,1.0 
21.800603291180458,1.0,1.0,1.0 
21.813475318105773,1.0,1.0,1.0 
21.82634734503109,1.0,1.0,1.0 
21.839219371956403,1.0,1.0,1.0 
21.85209139888172,1.0,1.0,1.0 
21.864963425807034,1.0,1.0,1.0 
21.87783545273235,1.0,1.0,1.0 
21.890707479657664,1.0,1.0,1.0 
21.90357950658298,1.0,1.0,1.0 
21.916451533508294,1.0,1.0,1.0 
21.929323560433613,1.0,1.0,1.0 
21.942195587358928,1.0,1.0,1.0 
21.955067614284243,1.0,1.0,1.0 
21.967939641209558,1.0,1.0,1.0 
21.980811668134873,1.0,1.0,1.0 
21.993683695060188,1.0,1.0,1.0 
22.006555721985503,1.0,1.0,1.0 
22.01942774891082,1.0,1.0,1.0 
22.032299775836137,1.0,1.0,1.0 
22.045171802761452,1.0,1.0,1.0 
22.058043829686767,1.0,1.0,1.0 
22.070915856612082,1.0,1.0,1.0 
22.083787883537397,1.0,1.0,1.0 
22.096659910462712,1.0,1.0,1.0 
22.109531937388027,1.0,1.0,1.0 
22.122403964313342,1.0,1.0,1.0 
22.135275991238657,1.0,1.0,1.0 
22.148148018163972,1.0,1.0,1.0 
22.161020045089288,1.0,1.0,1.0 
22.173892072014606,1.0,1.0,1.0 
22.18676409893992,1.0,1.0,1.0 
22.199636125865236,1.0,1.0,1.0 
22.21250815279055,1.0,1.0,1.0 
22.225380179715867,1.0,1.0,1.0 
22.23825220664118,1.0,1.0,1.0 
22.251124233566497,1.0,1.0,1.0 
22.263996260491815,1.0,1.0,1.0 
22.27686828741713,1.0,1.0,1.0 
22.289740314342446,1.0,1.0,1.0 
22.30261234126776,1.0,1.0,1.0 
22.315484368193076,1.0,1.0,1.0 
22.32835639511839,1.0,1.0,1.0 
22.341228422043706,1.0,1.0,1.0 
22.35410044896902,1.0,1.0,1.0 
22.366972475894336,1.0,1.0,1.0 
22.37984450281965,1.0,1.0,1.0 
22.392716529744966,1.0,1.0,1.0 
22.40558855667028,1.0,1.0,1.0 
22.4184605835956,1.0,1.0,1.0 
22.431332610520915,1.0,1.0,1.0 
22.44420463744623,1.0,1.0,1.0 
22.457076664371545,1.0,1.0,1.0 
22.46994869129686,1.0,1.0,1.0 
22.482820718222175,1.0,1.0,1.0 
22.49569274514749,1.0,1.0,1.0 
22.50856477207281,1.0,1.0,1.0 
22.521436798998124,1.0,1.0,1.0 
22.53430882592344,1.0,1.0,1.0 
22.547180852848754,1.0,1.0,1.0 
22.56005287977407,1.0,1.0,1.0 
22.572924906699384,1.0,1.0,1.0 
