x,eeg_cdf,wishart_cdf,t_wishart_cdf 
0.08549220272596404,0.0,0.0,0.00172 
0.08587087989303663,0.0,0.0,0.00189 
0.08624955706010921,0.0,0.0,0.00204 
0.0866282342271818,0.0,0.0,0.00225 
0.08700691139425439,0.0,0.0,0.00243 
0.08738558856132697,0.0,0.0,0.00269 
0.08776426572839956,0.0,0.0,0.00297 
0.08814294289547214,0.0,0.0,0.00323 
0.08852162006254473,0.0,0.0,0.0035 
0.08890029722961731,0.0,0.0,0.00379 
0.0892789743966899,0.0,0.0,0.00411 
0.08965765156376249,0.0,0.0,0.00432 
0.09003632873083507,0.0,0.0,0.00453 
0.09041500589790766,0.0,0.0,0.005 
0.09079368306498024,0.0,0.0,0.00537 
0.09117236023205283,0.0,0.0,0.00577 
0.09155103739912542,0.0,0.0,0.00629 
0.091929714566198,0.0,0.0,0.00662 
0.0923083917332706,0.0,0.0,0.00705 
0.09268706890034317,0.0,0.0,0.00764 
0.09306574606741577,0.0,0.0,0.0081 
0.09344442323448836,0.0,0.0,0.00863 
0.09382310040156094,0.0,0.0,0.00924 
0.09420177756863353,0.0,0.0,0.00986 
0.09458045473570612,0.0,0.0,0.01062 
0.0949591319027787,0.0,0.0,0.0111 
0.09533780906985129,0.025,0.0,0.0118 
0.09571648623692387,0.025,0.0,0.01239 
0.09609516340399646,0.025,0.0,0.01299 
0.09647384057106904,0.025,0.0,0.01382 
0.09685251773814163,0.025,0.0,0.01451 
0.09723119490521422,0.025,0.0,0.01537 
0.0976098720722868,0.025,0.0,0.0163 
0.09798854923935939,0.05,0.0,0.01714 
0.09836722640643197,0.05,0.0,0.01825 
0.09874590357350456,0.05,0.0,0.01918 
0.09912458074057715,0.05,0.0,0.02032 
0.09950325790764973,0.05,0.0,0.02138 
0.09988193507472232,0.05,0.0,0.02241 
0.1002606122417949,0.05,0.0,0.02377 
0.10063928940886749,0.05,0.0,0.02499 
0.10101796657594007,0.075,0.0,0.02644 
0.10139664374301266,0.075,0.0,0.02768 
0.10177532091008525,0.075,0.0,0.02895 
0.10215399807715783,0.075,0.0,0.03031 
0.10253267524423042,0.075,0.0,0.03176 
0.102911352411303,0.1,0.0,0.03331 
0.10329002957837559,0.1,0.0,0.03494 
0.10366870674544817,0.1,0.0,0.03664 
0.10404738391252076,0.125,0.0,0.03832 
0.10442606107959335,0.125,0.0,0.03999 
0.10480473824666595,0.125,0.0,0.04157 
0.10518341541373852,0.125,0.0,0.04321 
0.10556209258081112,0.125,0.0,0.04499 
0.10594076974788369,0.125,0.0,0.04708 
0.10631944691495629,0.125,0.0,0.04927 
0.10669812408202886,0.125,0.0,0.0515 
0.10707680124910146,0.125,0.0,0.05347 
0.10745547841617403,0.125,0.0,0.05565 
0.10783415558324663,0.125,0.0,0.05802 
0.10821283275031922,0.125,0.0,0.06034 
0.1085915099173918,0.15,0.0,0.06264 
0.10897018708446439,0.15,0.0,0.06498 
0.10934886425153698,0.15,0.0,0.06745 
0.10972754141860956,0.15,0.0,0.06996 
0.11010621858568215,0.15,0.0,0.07236 
0.11048489575275473,0.15,0.0,0.07531 
0.11086357291982732,0.15,0.0,0.07848 
0.1112422500868999,0.15,0.0,0.08098 
0.11162092725397249,0.15,0.0,0.084 
0.11199960442104508,0.15,0.0,0.08699 
0.11237828158811766,0.15,0.0,0.09002 
0.11275695875519025,0.15,0.0,0.09308 
0.11313563592226283,0.15,0.0,0.09605 
0.11351431308933542,0.15,0.0,0.09896 
0.113892990256408,0.15,0.0,0.10232 
0.11427166742348059,0.15,0.0,0.10545 
0.11465034459055318,0.15,0.0,0.10843 
0.11502902175762576,0.15,0.0,0.11162 
0.11540769892469835,0.15,0.0,0.11505 
0.11578637609177093,0.175,0.0,0.1188 
0.11616505325884352,0.175,0.0,0.12248 
0.1165437304259161,0.175,0.0,0.12638 
0.11692240759298869,0.2,0.0,0.13033 
0.11730108476006129,0.2,0.0,0.13414 
0.11767976192713386,0.2,0.0,0.13766 
0.11805843909420646,0.2,0.0,0.14144 
0.11843711626127904,0.2,0.0,0.14555 
0.11881579342835163,0.2,0.0,0.14937 
0.1191944705954242,0.2,0.0,0.15317 
0.1195731477624968,0.2,0.0,0.15761 
0.11995182492956938,0.2,0.0,0.16206 
0.12033050209664198,0.225,0.0,0.16646 
0.12070917926371455,0.225,0.0,0.1707 
0.12108785643078715,0.225,0.0,0.17501 
0.12146653359785972,0.225,0.0,0.1794 
0.12184521076493232,0.225,0.0,0.18388 
0.1222238879320049,0.225,0.0,0.18824 
0.12260256509907749,0.225,0.0,0.19278 
0.12298124226615006,0.25,0.0,0.1975 
0.12335991943322266,0.25,0.0,0.20186 
0.12373859660029525,0.25,0.0,0.20683 
0.12411727376736784,0.25,0.0,0.21162 
0.12449595093444042,0.25,0.0,0.21598 
0.12487462810151301,0.25,0.0,0.22067 
0.12525330526858558,0.275,2e-05,0.22568 
0.12563198243565818,0.275,3e-05,0.23067 
0.12601065960273078,0.275,5e-05,0.23555 
0.12638933676980335,0.275,9e-05,0.24072 
0.12676801393687592,0.275,0.00012,0.24566 
0.12714669110394852,0.3,0.00022,0.25067 
0.12752536827102112,0.3,0.00027,0.25578 
0.1279040454380937,0.3,0.00031,0.26095 
0.12828272260516627,0.3,0.00036,0.26587 
0.12866139977223887,0.3,0.00046,0.27133 
0.12904007693931147,0.325,0.00062,0.27627 
0.12941875410638404,0.325,0.00078,0.28136 
0.1297974312734566,0.325,0.00097,0.28684 
0.1301761084405292,0.325,0.00123,0.29217 
0.1305547856076018,0.325,0.00158,0.29725 
0.13093346277467438,0.325,0.00191,0.30248 
0.13131213994174698,0.325,0.00229,0.30765 
0.13169081710881955,0.325,0.00284,0.31312 
0.13206949427589215,0.35,0.00339,0.31863 
0.13244817144296472,0.375,0.0042,0.32398 
0.13282684861003732,0.375,0.00509,0.32929 
0.1332055257771099,0.375,0.00605,0.3349 
0.1335842029441825,0.375,0.00737,0.33994 
0.13396288011125507,0.375,0.0089,0.34525 
0.13434155727832767,0.375,0.01054,0.35093 
0.13472023444540024,0.375,0.01246,0.35616 
0.13509891161247284,0.375,0.01467,0.36149 
0.1354775887795454,0.375,0.01745,0.36715 
0.135856265946618,0.375,0.02056,0.37273 
0.13623494311369058,0.375,0.02387,0.37854 
0.13661362028076318,0.375,0.02774,0.38418 
0.13699229744783575,0.375,0.03181,0.38966 
0.13737097461490835,0.375,0.03657,0.39495 
0.13774965178198095,0.375,0.04188,0.40071 
0.13812832894905352,0.375,0.0482,0.40637 
0.1385070061161261,0.375,0.05444,0.41164 
0.1388856832831987,0.375,0.06141,0.41683 
0.1392643604502713,0.375,0.06923,0.42213 
0.13964303761734387,0.375,0.07757,0.42761 
0.14002171478441644,0.375,0.08774,0.43274 
0.14040039195148904,0.375,0.09868,0.43828 
0.14077906911856164,0.4,0.10973,0.44314 
0.1411577462856342,0.4,0.12205,0.44833 
0.14153642345270678,0.4,0.1353,0.45412 
0.14191510061977938,0.4,0.14925,0.45957 
0.14229377778685198,0.4,0.16449,0.46497 
0.14267245495392455,0.4,0.18036,0.4705 
0.14305113212099713,0.4,0.1975,0.47575 
0.14342980928806973,0.4,0.21527,0.48118 
0.14380848645514233,0.4,0.23356,0.48655 
0.1441871636222149,0.4,0.25308,0.492 
0.1445658407892875,0.4,0.27315,0.4972 
0.14494451795636007,0.4,0.29337,0.50237 
0.14532319512343267,0.4,0.31528,0.50749 
0.14570187229050524,0.4,0.33743,0.51302 
0.14608054945757784,0.425,0.3596,0.51821 
0.1464592266246504,0.425,0.38298,0.52368 
0.146837903791723,0.425,0.40601,0.5287 
0.14721658095879558,0.45,0.43002,0.53419 
0.14759525812586818,0.475,0.45454,0.53926 
0.14797393529294076,0.475,0.47877,0.54448 
0.14835261246001336,0.475,0.50297,0.54975 
0.14873128962708593,0.5,0.52697,0.55494 
0.14910996679415853,0.5,0.55129,0.55978 
0.14948864396123113,0.5,0.57505,0.56473 
0.1498673211283037,0.525,0.59871,0.56971 
0.15024599829537627,0.55,0.62174,0.57451 
0.15062467546244887,0.55,0.6434,0.57917 
0.15100335262952147,0.55,0.66511,0.58422 
0.15138202979659404,0.6,0.6867,0.58902 
0.15176070696366661,0.625,0.70734,0.59373 
0.1521393841307392,0.625,0.72685,0.59859 
0.1525180612978118,0.625,0.74634,0.60302 
0.15289673846488439,0.65,0.7648,0.60767 
0.15327541563195696,0.65,0.78192,0.61284 
0.15365409279902956,0.65,0.79872,0.61755 
0.15403276996610216,0.65,0.81516,0.62234 
0.15441144713317473,0.65,0.83006,0.62685 
0.1547901243002473,0.65,0.84378,0.63139 
0.1551688014673199,0.65,0.85766,0.6362 
0.1555474786343925,0.65,0.87085,0.64107 
0.15592615580146507,0.65,0.88234,0.64583 
0.15630483296853764,0.65,0.89304,0.65051 
0.15668351013561024,0.65,0.90332,0.65501 
0.15706218730268284,0.65,0.91213,0.6595 
0.15744086446975541,0.675,0.92058,0.66386 
0.157819541636828,0.675,0.92855,0.66778 
0.1581982188039006,0.675,0.93679,0.67184 
0.1585768959709732,0.675,0.94323,0.67594 
0.15895557313804576,0.675,0.94918,0.68006 
0.15933425030511833,0.675,0.95499,0.68431 
0.15971292747219093,0.675,0.96041,0.68872 
0.16009160463926353,0.675,0.96502,0.69279 
0.1604702818063361,0.675,0.96918,0.69645 
0.16084895897340867,0.675,0.97255,0.70066 
0.16122763614048127,0.7,0.97587,0.70489 
0.16160631330755387,0.7,0.97891,0.7087 
0.16198499047462644,0.7,0.98174,0.71243 
0.16236366764169904,0.7,0.98413,0.71604 
0.16274234480877164,0.7,0.98627,0.71986 
0.16312102197584422,0.7,0.98797,0.72379 
0.1634996991429168,0.7,0.98953,0.72756 
0.1638783763099894,0.725,0.99111,0.73152 
0.164257053477062,0.75,0.99229,0.73539 
0.16463573064413456,0.75,0.99337,0.73924 
0.16501440781120713,0.75,0.99432,0.74272 
0.16539308497827973,0.75,0.9952,0.74629 
0.16577176214535233,0.775,0.99594,0.74997 
0.1661504393124249,0.775,0.99654,0.75357 
0.16652911647949747,0.775,0.997,0.75728 
0.16690779364657007,0.775,0.99751,0.7605 
0.16728647081364267,0.775,0.99795,0.76409 
0.16766514798071525,0.775,0.99826,0.76764 
0.16804382514778782,0.775,0.99853,0.7711 
0.16842250231486042,0.775,0.99876,0.7742 
0.16880117948193302,0.775,0.99894,0.77713 
0.1691798566490056,0.775,0.99918,0.78033 
0.16955853381607816,0.775,0.99932,0.78345 
0.16993721098315076,0.775,0.99945,0.78646 
0.17031588815022336,0.775,0.99959,0.78935 
0.17069456531729593,0.775,0.99968,0.79258 
0.1710732424843685,0.775,0.99972,0.79558 
0.1714519196514411,0.775,0.99973,0.79848 
0.1718305968185137,0.775,0.99979,0.80125 
0.17220927398558628,0.775,0.9998,0.80416 
0.17258795115265885,0.775,0.99983,0.80694 
0.17296662831973145,0.775,0.99986,0.80985 
0.17334530548680405,0.775,0.9999,0.8127 
0.17372398265387662,0.775,0.99992,0.81533 
0.1741026598209492,0.775,0.99993,0.81803 
0.1744813369880218,0.775,0.99993,0.82103 
0.1748600141550944,0.8,0.99995,0.82386 
0.17523869132216696,0.8,0.99995,0.82644 
0.17561736848923956,0.8,0.99996,0.82901 
0.17599604565631216,0.8,0.99996,0.83146 
0.17637472282338473,0.8,0.99996,0.83388 
0.1767533999904573,0.8,0.99996,0.83625 
0.1771320771575299,0.8,0.99998,0.83876 
0.1775107543246025,0.8,0.99998,0.84128 
0.17788943149167508,0.8,0.99998,0.84379 
0.17826810865874765,0.8,0.99999,0.84609 
0.17864678582582025,0.8,0.99999,0.84843 
0.17902546299289285,0.8,0.99999,0.8507 
0.17940414015996542,0.8,0.99999,0.85302 
0.179782817327038,0.8,0.99999,0.85517 
0.1801614944941106,0.8,1.0,0.85733 
0.1805401716611832,0.8,1.0,0.85945 
0.18091884882825576,0.8,1.0,0.86146 
0.18129752599532833,0.8,1.0,0.86347 
0.18167620316240093,0.8,1.0,0.86575 
0.18205488032947353,0.8,1.0,0.86806 
0.1824335574965461,0.8,1.0,0.87042 
0.18281223466361868,0.825,1.0,0.87263 
0.18319091183069128,0.825,1.0,0.87469 
0.18356958899776388,0.85,1.0,0.87656 
0.18394826616483645,0.85,1.0,0.87863 
0.18432694333190902,0.875,1.0,0.88047 
0.18470562049898162,0.875,1.0,0.88252 
0.18508429766605422,0.9,1.0,0.88439 
0.1854629748331268,0.9,1.0,0.886 
0.18584165200019936,0.9,1.0,0.88781 
0.18622032916727196,0.9,1.0,0.88951 
0.18659900633434456,0.9,1.0,0.89116 
0.18697768350141714,0.9,1.0,0.89291 
0.1873563606684897,0.9,1.0,0.89459 
0.1877350378355623,0.9,1.0,0.89639 
0.1881137150026349,0.9,1.0,0.89819 
0.18849239216970748,0.9,1.0,0.90009 
0.18887106933678005,0.9,1.0,0.90187 
0.18924974650385265,0.9,1.0,0.90344 
0.18962842367092525,0.925,1.0,0.90492 
0.19000710083799782,0.925,1.0,0.90659 
0.19038577800507042,0.925,1.0,0.90816 
0.19076445517214302,0.925,1.0,0.90953 
0.1911431323392156,0.925,1.0,0.91104 
0.19152180950628817,0.95,1.0,0.91248 
0.19190048667336077,0.95,1.0,0.91413 
0.19227916384043336,0.95,1.0,0.91549 
0.19265784100750594,0.95,1.0,0.91693 
0.1930365181745785,0.95,1.0,0.91815 
0.1934151953416511,0.95,1.0,0.91967 
0.1937938725087237,0.95,1.0,0.92084 
0.19417254967579628,0.95,1.0,0.92231 
0.19455122684286885,0.95,1.0,0.92365 
0.19492990400994145,0.95,1.0,0.92504 
0.19530858117701405,0.95,1.0,0.92642 
0.19568725834408662,0.95,1.0,0.92768 
0.1960659355111592,0.95,1.0,0.92877 
0.1964446126782318,0.95,1.0,0.93009 
0.1968232898453044,0.95,1.0,0.93122 
0.19720196701237697,0.95,1.0,0.93214 
0.19758064417944954,0.95,1.0,0.93346 
0.19795932134652214,0.95,1.0,0.93465 
0.19833799851359474,0.95,1.0,0.93575 
0.1987166756806673,0.95,1.0,0.9369 
0.19909535284773988,0.95,1.0,0.93804 
0.19947403001481248,0.95,1.0,0.93918 
0.19985270718188508,0.95,1.0,0.94016 
0.20023138434895765,0.95,1.0,0.94128 
0.20061006151603022,0.95,1.0,0.94226 
0.20098873868310282,0.95,1.0,0.94338 
0.20136741585017542,0.95,1.0,0.94427 
0.201746093017248,0.95,1.0,0.94519 
0.20212477018432057,0.95,1.0,0.9461 
0.20250344735139317,0.95,1.0,0.94706 
0.20288212451846577,0.95,1.0,0.94814 
0.20326080168553834,0.95,1.0,0.94897 
0.20363947885261094,0.95,1.0,0.9499 
0.20401815601968354,0.95,1.0,0.95074 
0.2043968331867561,0.95,1.0,0.95164 
0.20477551035382868,0.95,1.0,0.95244 
0.20515418752090128,0.95,1.0,0.95334 
0.20553286468797388,0.95,1.0,0.95412 
0.20591154185504645,0.95,1.0,0.95498 
0.20629021902211903,0.95,1.0,0.95578 
0.20666889618919163,0.95,1.0,0.95656 
0.20704757335626423,0.95,1.0,0.95741 
0.2074262505233368,0.95,1.0,0.95814 
0.20780492769040937,0.95,1.0,0.95894 
0.20818360485748197,0.95,1.0,0.95965 
0.20856228202455457,0.95,1.0,0.96043 
0.20894095919162714,0.95,1.0,0.96113 
0.2093196363586997,0.95,1.0,0.96191 
0.2096983135257723,0.95,1.0,0.96261 
0.2100769906928449,0.95,1.0,0.96314 
0.21045566785991748,0.95,1.0,0.9637 
0.21083434502699006,0.95,1.0,0.96421 
0.21121302219406268,0.95,1.0,0.96474 
0.21159169936113525,0.95,1.0,0.96526 
0.21197037652820783,0.95,1.0,0.96589 
0.2123490536952804,0.95,1.0,0.96653 
0.21272773086235303,0.95,1.0,0.96712 
0.2131064080294256,0.95,1.0,0.96761 
0.21348508519649817,0.95,1.0,0.96826 
0.21386376236357074,0.95,1.0,0.96882 
0.21424243953064337,0.95,1.0,0.96932 
0.21462111669771594,0.95,1.0,0.96981 
0.2149997938647885,0.95,1.0,0.9704 
0.21537847103186109,0.95,1.0,0.97096 
0.2157571481989337,0.95,1.0,0.97139 
0.21613582536600628,0.95,1.0,0.97189 
0.21651450253307886,0.95,1.0,0.97224 
0.21689317970015143,0.95,1.0,0.97273 
0.21727185686722406,0.95,1.0,0.97318 
0.21765053403429663,0.95,1.0,0.97361 
0.2180292112013692,0.95,1.0,0.97401 
0.21840788836844177,0.95,1.0,0.97448 
0.2187865655355144,0.95,1.0,0.97497 
0.21916524270258697,0.95,1.0,0.97534 
0.21954391986965954,0.95,1.0,0.97584 
0.21992259703673211,0.95,1.0,0.97634 
0.22030127420380474,0.975,1.0,0.9767 
0.22067995137087731,0.975,1.0,0.97715 
0.22105862853794989,0.975,1.0,0.97756 
0.22143730570502246,0.975,1.0,0.97789 
0.22181598287209509,0.975,1.0,0.97825 
0.22219466003916766,0.975,1.0,0.97873 
0.22257333720624023,0.975,1.0,0.97899 
0.2229520143733128,0.975,1.0,0.97929 
0.22333069154038543,0.975,1.0,0.97966 
0.223709368707458,0.975,1.0,0.98012 
0.22408804587453057,0.975,1.0,0.98047 
0.2244667230416032,0.975,1.0,0.98077 
0.22484540020867577,0.975,1.0,0.98111 
0.22522407737574834,0.975,1.0,0.98141 
0.22560275454282092,0.975,1.0,0.98173 
0.22598143170989354,0.975,1.0,0.98216 
0.22636010887696612,0.975,1.0,0.98254 
0.2267387860440387,0.975,1.0,0.98281 
0.22711746321111126,0.975,1.0,0.98306 
0.2274961403781839,0.975,1.0,0.98335 
0.22787481754525646,0.975,1.0,0.98372 
0.22825349471232903,0.975,1.0,0.98416 
0.2286321718794016,0.975,1.0,0.98441 
0.22901084904647423,0.975,1.0,0.98456 
0.2293895262135468,0.975,1.0,0.98486 
0.22976820338061937,0.975,1.0,0.98516 
0.23014688054769195,0.975,1.0,0.98543 
0.23052555771476457,0.975,1.0,0.98567 
0.23090423488183714,0.975,1.0,0.98598 
0.23128291204890972,0.975,1.0,0.98618 
0.2316615892159823,0.975,1.0,0.98652 
0.23204026638305492,0.975,1.0,0.98669 
0.2324189435501275,0.975,1.0,0.98689 
0.23279762071720006,0.975,1.0,0.98711 
0.23317629788427263,0.975,1.0,0.98727 
0.23355497505134526,0.975,1.0,0.98751 
0.23393365221841783,0.975,1.0,0.98771 
0.2343123293854904,0.975,1.0,0.98791 
0.23469100655256298,0.975,1.0,0.98811 
0.2350696837196356,0.975,1.0,0.98831 
0.23544836088670817,0.975,1.0,0.98846 
0.23582703805378075,0.975,1.0,0.98863 
0.23620571522085332,0.975,1.0,0.98877 
0.23658439238792595,0.975,1.0,0.98902 
0.23696306955499852,0.975,1.0,0.98922 
0.2373417467220711,0.975,1.0,0.9894 
0.23772042388914366,0.975,1.0,0.98952 
0.2380991010562163,0.975,1.0,0.98975 
0.23847777822328886,0.975,1.0,0.99001 
0.23885645539036143,0.975,1.0,0.99023 
0.23923513255743406,0.975,1.0,0.99048 
0.23961380972450663,0.975,1.0,0.99064 
0.2399924868915792,0.975,1.0,0.99077 
0.24037116405865178,0.975,1.0,0.99096 
0.2407498412257244,0.975,1.0,0.99112 
0.24112851839279698,0.975,1.0,0.99132 
0.24150719555986955,0.975,1.0,0.9915 
0.24188587272694212,0.975,1.0,0.99165 
0.24226454989401475,0.975,1.0,0.99175 
0.24264322706108732,0.975,1.0,0.99193 
0.2430219042281599,0.975,1.0,0.99203 
0.24340058139523246,0.975,1.0,0.99217 
0.2437792585623051,0.975,1.0,0.99233 
0.24415793572937766,0.975,1.0,0.99247 
0.24453661289645023,0.975,1.0,0.9926 
0.2449152900635228,0.975,1.0,0.99275 
0.24529396723059543,0.975,1.0,0.9929 
0.245672644397668,0.975,1.0,0.99307 
0.24605132156474058,0.975,1.0,0.99322 
0.24642999873181315,0.975,1.0,0.99328 
0.24680867589888578,0.975,1.0,0.99348 
0.24718735306595835,0.975,1.0,0.99363 
0.24756603023303092,0.975,1.0,0.99374 
0.2479447074001035,0.975,1.0,0.99387 
0.24832338456717612,0.975,1.0,0.99398 
0.2487020617342487,0.975,1.0,0.99409 
0.24908073890132126,0.975,1.0,0.99424 
0.24945941606839384,0.975,1.0,0.99435 
0.24983809323546646,1.0,1.0,0.99445 
0.25021677040253903,1.0,1.0,0.99451 
0.2505954475696116,1.0,1.0,0.99456 
0.2509741247366842,1.0,1.0,0.99473 
0.2513528019037568,1.0,1.0,0.99484 
0.2517314790708294,1.0,1.0,0.99498 
0.25211015623790195,1.0,1.0,0.99505 
0.2524888334049746,1.0,1.0,0.99511 
0.25286751057204715,1.0,1.0,0.99516 
0.2532461877391197,1.0,1.0,0.99528 
0.2536248649061923,1.0,1.0,0.99538 
0.2540035420732649,1.0,1.0,0.99547 
0.2543822192403375,1.0,1.0,0.9956 
0.25476089640741006,1.0,1.0,0.99569 
0.25513957357448264,1.0,1.0,0.99581 
0.25551825074155526,1.0,1.0,0.99591 
0.25589692790862784,1.0,1.0,0.99598 
0.2562756050757004,1.0,1.0,0.99604 
0.256654282242773,1.0,1.0,0.99609 
0.2570329594098456,1.0,1.0,0.99615 
0.2574116365769182,1.0,1.0,0.99624 
0.25779031374399075,1.0,1.0,0.99628 
0.2581689909110633,1.0,1.0,0.99632 
0.25854766807813595,1.0,1.0,0.99638 
0.2589263452452085,1.0,1.0,0.99643 
0.2593050224122811,1.0,1.0,0.99655 
0.25968369957935367,1.0,1.0,0.99662 
0.2600623767464263,1.0,1.0,0.99667 
0.26044105391349887,1.0,1.0,0.99676 
0.26081973108057144,1.0,1.0,0.99683 
0.261198408247644,1.0,1.0,0.99688 
0.26157708541471664,1.0,1.0,0.99696 
0.2619557625817892,1.0,1.0,0.99706 
0.2623344397488618,1.0,1.0,0.99711 
0.26271311691593435,1.0,1.0,0.99718 
0.263091794083007,1.0,1.0,0.99722 
0.26347047125007955,1.0,1.0,0.99727 
0.2638491484171521,1.0,1.0,0.99732 
0.2642278255842247,1.0,1.0,0.99737 
0.2646065027512973,1.0,1.0,0.99743 
0.2649851799183699,1.0,1.0,0.99751 
0.26536385708544247,1.0,1.0,0.99755 
0.2657425342525151,1.0,1.0,0.99761 
0.26612121141958767,1.0,1.0,0.99761 
0.26649988858666024,1.0,1.0,0.99764 
0.2668785657537328,1.0,1.0,0.99769 
0.26725724292080544,1.0,1.0,0.99772 
0.267635920087878,1.0,1.0,0.99776 
0.2680145972549506,1.0,1.0,0.99779 
0.26839327442202315,1.0,1.0,0.99782 
0.2687719515890958,1.0,1.0,0.99786 
0.26915062875616835,1.0,1.0,0.99788 
0.2695293059232409,1.0,1.0,0.99789 
0.2699079830903135,1.0,1.0,0.99792 
0.2702866602573861,1.0,1.0,0.99797 
0.2706653374244587,1.0,1.0,0.998 
0.27104401459153127,1.0,1.0,0.99802 
0.27142269175860384,1.0,1.0,0.99805 
0.27180136892567647,1.0,1.0,0.99805 
0.27218004609274904,1.0,1.0,0.99808 
0.2725587232598216,1.0,1.0,0.99811 
0.2729374004268942,1.0,1.0,0.99816 
0.2733160775939668,1.0,1.0,0.99819 
0.2736947547610394,1.0,1.0,0.99826 
0.27407343192811195,1.0,1.0,0.99833 
0.2744521090951845,1.0,1.0,0.99834 
