x,eeg_cdf,wishart_cdf,t_wishart_cdf 
0.06984220450534508,0.0,0.0,0.00038 
0.07028899151577259,0.0,0.0,0.00042 
0.0707357785262001,0.0,0.0,0.00049 
0.0711825655366276,0.0,0.0,0.00054 
0.07162935254705512,0.0,0.0,0.00064 
0.07207613955748263,0.0,0.0,0.0008 
0.07252292656791014,0.0,0.0,0.00092 
0.07296971357833765,0.0,0.0,0.00105 
0.07341650058876516,0.0,0.0,0.00126 
0.07386328759919267,0.0,0.0,0.00144 
0.07431007460962018,0.0,0.0,0.00161 
0.07475686162004769,0.0,0.0,0.00174 
0.0752036486304752,0.0,0.0,0.00191 
0.07565043564090271,0.0,0.0,0.00202 
0.07609722265133022,0.0,0.0,0.00214 
0.07654400966175773,0.0,0.0,0.00243 
0.07699079667218524,0.0,0.0,0.00267 
0.07743758368261275,0.0,0.0,0.00291 
0.07788437069304026,0.025,0.0,0.0032 
0.07833115770346777,0.025,0.0,0.00347 
0.07877794471389528,0.025,0.0,0.00378 
0.07922473172432279,0.025,0.0,0.00413 
0.0796715187347503,0.025,0.0,0.00458 
0.08011830574517781,0.025,0.0,0.00502 
0.08056509275560533,0.025,0.0,0.0055 
0.08101187976603283,0.025,0.0,0.00604 
0.08145866677646035,0.025,0.0,0.0065 
0.08190545378688785,0.05,0.0,0.00723 
0.08235224079731537,0.05,0.0,0.00782 
0.08279902780774288,0.05,0.0,0.0086 
0.0832458148181704,0.05,0.0,0.00933 
0.0836926018285979,0.05,0.0,0.01017 
0.08413938883902541,0.05,0.0,0.0109 
0.08458617584945292,0.05,0.0,0.01192 
0.08503296285988043,0.05,0.0,0.01282 
0.08547974987030794,0.05,0.0,0.01388 
0.08592653688073545,0.05,0.0,0.01485 
0.08637332389116296,0.075,0.0,0.01569 
0.08682011090159047,0.075,0.0,0.01703 
0.08726689791201798,0.075,0.0,0.01816 
0.0877136849224455,0.075,0.0,0.01936 
0.088160471932873,0.075,0.0,0.02057 
0.08860725894330052,0.075,0.0,0.02178 
0.08905404595372803,0.075,0.0,0.02316 
0.08950083296415554,0.1,0.0,0.0247 
0.08994761997458305,0.1,0.0,0.0262 
0.09039440698501056,0.1,0.0,0.02794 
0.09084119399543807,0.1,0.0,0.02957 
0.09128798100586558,0.1,0.0,0.0313 
0.09173476801629309,0.125,0.0,0.03321 
0.0921815550267206,0.125,0.0,0.0353 
0.0926283420371481,0.125,0.0,0.03737 
0.09307512904757562,0.125,0.0,0.03919 
0.09352191605800313,0.125,0.0,0.04168 
0.09396870306843064,0.125,0.0,0.04381 
0.09441549007885815,0.125,0.0,0.04619 
0.09486227708928566,0.125,0.0,0.04911 
0.09530906409971317,0.125,0.0,0.05159 
0.09575585111014068,0.15,0.0,0.05405 
0.09620263812056819,0.15,0.0,0.05662 
0.0966494251309957,0.15,0.0,0.05933 
0.09709621214142321,0.15,0.0,0.06218 
0.09754299915185072,0.15,0.0,0.06538 
0.09798978616227823,0.15,0.0,0.06809 
0.09843657317270574,0.15,0.0,0.07102 
0.09888336018313325,0.15,0.0,0.07443 
0.09933014719356076,0.15,0.0,0.0775 
0.09977693420398827,0.175,0.0,0.08091 
0.10022372121441578,0.175,0.0,0.08431 
0.10067050822484329,0.175,0.0,0.08777 
0.1011172952352708,0.175,0.0,0.09138 
0.10156408224569832,0.2,0.0,0.09536 
0.10201086925612582,0.2,0.0,0.09945 
0.10245765626655334,0.2,0.0,0.10321 
0.10290444327698084,0.2,0.0,0.10701 
0.10335123028740836,0.2,0.0,0.1111 
0.10379801729783586,0.2,0.0,0.11571 
0.10424480430826338,0.2,0.0,0.11973 
0.10469159131869088,0.2,0.0,0.12398 
0.1051383783291184,0.2,0.0,0.12834 
0.1055851653395459,0.2,0.0,0.1326 
0.10603195234997342,0.2,0.0,0.13732 
0.10647873936040092,0.2,0.0,0.14236 
0.10692552637082844,0.2,0.0,0.14712 
0.10737231338125594,0.2,0.0,0.15186 
0.10781910039168346,0.2,0.0,0.15641 
0.10826588740211096,0.2,0.0,0.16122 
0.10871267441253848,0.2,0.0,0.16609 
0.10915946142296598,0.2,0.0,0.1713 
0.1096062484333935,0.2,0.0,0.1764 
0.11005303544382102,0.2,0.0,0.18152 
0.11049982245424853,0.2,0.0,0.18674 
0.11094660946467604,0.225,0.0,0.1924 
0.11139339647510355,0.225,0.0,0.19809 
0.11184018348553106,0.225,0.0,0.20362 
0.11228697049595857,0.25,0.0,0.20929 
0.11273375750638608,0.25,0.0,0.21491 
0.11318054451681359,0.25,0.0,0.22054 
0.1136273315272411,0.275,0.0,0.22614 
0.1140741185376686,0.275,0.0,0.23192 
0.11452090554809612,0.275,0.0,0.23759 
0.11496769255852363,0.3,0.0,0.2435 
0.11541447956895114,0.325,1e-05,0.24919 
0.11586126657937865,0.35,1e-05,0.2554 
0.11630805358980616,0.35,2e-05,0.2614 
0.11675484060023367,0.35,3e-05,0.2678 
0.11720162761066118,0.35,4e-05,0.27399 
0.11764841462108869,0.35,8e-05,0.2805 
0.1180952016315162,0.35,0.00013,0.28678 
0.11854198864194371,0.35,0.00019,0.29308 
0.11898877565237122,0.35,0.0003,0.29949 
0.11943556266279873,0.35,0.0004,0.30598 
0.11988234967322624,0.375,0.00052,0.3123 
0.12032913668365375,0.375,0.00068,0.3187 
0.12077592369408126,0.375,0.00096,0.32539 
0.12122271070450877,0.375,0.00129,0.33189 
0.12166949771493629,0.375,0.00174,0.33788 
0.12211628472536379,0.375,0.00223,0.34474 
0.12256307173579131,0.375,0.00288,0.35147 
0.12300985874621881,0.425,0.00383,0.35807 
0.12345664575664633,0.425,0.00509,0.36462 
0.12390343276707383,0.425,0.00655,0.37083 
0.12435021977750135,0.425,0.00835,0.37736 
0.12479700678792885,0.425,0.01023,0.38369 
0.12524379379835637,0.425,0.01288,0.38993 
0.12569058080878387,0.425,0.01607,0.3967 
0.1261373678192114,0.425,0.01997,0.40286 
0.1265841548296389,0.425,0.02428,0.40888 
0.1270309418400664,0.425,0.02938,0.41539 
0.1274777288504939,0.425,0.0352,0.4216 
0.12792451586092143,0.425,0.04167,0.42811 
0.12837130287134893,0.425,0.04957,0.4345 
0.12881808988177645,0.425,0.0583,0.44041 
0.12926487689220395,0.45,0.06835,0.44707 
0.12971166390263147,0.45,0.07893,0.45372 
0.13015845091305897,0.45,0.09132,0.46039 
0.1306052379234865,0.45,0.1049,0.46681 
0.131052024933914,0.45,0.12043,0.47315 
0.13149881194434151,0.45,0.13754,0.47941 
0.131945598954769,0.45,0.15641,0.48564 
0.13239238596519654,0.45,0.17654,0.49156 
0.13283917297562403,0.475,0.19846,0.49777 
0.13328595998605156,0.475,0.22179,0.50396 
0.13373274699647908,0.5,0.2457,0.51064 
0.13417953400690658,0.5,0.27164,0.51703 
0.13462632101733407,0.5,0.29788,0.5231 
0.1350731080277616,0.5,0.32554,0.52907 
0.13551989503818912,0.5,0.3546,0.5355 
0.13596668204861662,0.5,0.38334,0.54139 
0.1364134690590441,0.5,0.41357,0.54769 
0.13686025606947164,0.5,0.44435,0.55372 
0.13730704307989916,0.525,0.47448,0.55963 
0.13775383009032666,0.525,0.50523,0.56504 
0.13820061710075415,0.525,0.53662,0.57085 
0.13864740411118168,0.525,0.56762,0.57636 
0.1390941911216092,0.525,0.59711,0.58241 
0.1395409781320367,0.525,0.62672,0.58792 
0.1399877651424642,0.525,0.65502,0.59351 
0.14043455215289172,0.525,0.68206,0.59899 
0.14088133916331924,0.525,0.70955,0.60453 
0.14132812617374674,0.525,0.73498,0.61054 
0.14177491318417423,0.525,0.75933,0.61591 
0.14222170019460176,0.575,0.7827,0.62088 
0.14266848720502928,0.575,0.80396,0.62628 
0.14311527421545678,0.575,0.82361,0.63168 
0.14356206122588427,0.575,0.84248,0.63718 
0.1440088482363118,0.575,0.86064,0.64238 
0.14445563524673932,0.575,0.87626,0.64731 
0.14490242225716682,0.575,0.8911,0.65253 
0.14534920926759431,0.6,0.90434,0.6582 
0.14579599627802184,0.65,0.91621,0.66342 
0.14624278328844936,0.65,0.92704,0.66875 
0.14668957029887686,0.65,0.93672,0.67375 
0.14713635730930436,0.65,0.94524,0.67855 
0.14758314431973188,0.65,0.95257,0.68342 
0.1480299313301594,0.65,0.95918,0.68818 
0.1484767183405869,0.65,0.96515,0.69268 
0.1489235053510144,0.65,0.97048,0.69764 
0.14937029236144192,0.65,0.97511,0.70231 
0.14981707937186944,0.65,0.9795,0.70737 
0.15026386638229694,0.65,0.98313,0.71191 
0.15071065339272446,0.675,0.98579,0.71635 
0.151157440403152,0.675,0.98842,0.72047 
0.15160422741357948,0.7,0.99036,0.72502 
0.15205101442400698,0.725,0.99205,0.7291 
0.1524978014344345,0.725,0.99343,0.73316 
0.15294458844486203,0.725,0.99461,0.7376 
0.15339137545528952,0.75,0.9956,0.74173 
0.15383816246571702,0.75,0.9965,0.74605 
0.15428494947614455,0.75,0.99719,0.75012 
0.15473173648657207,0.75,0.99787,0.75434 
0.15517852349699957,0.75,0.99823,0.75842 
0.15562531050742706,0.75,0.99853,0.7623 
0.15607209751785459,0.75,0.99881,0.76675 
0.1565188845282821,0.75,0.99909,0.77046 
0.1569656715387096,0.75,0.9993,0.77414 
0.1574124585491371,0.75,0.9994,0.77779 
0.15785924555956463,0.75,0.99953,0.78115 
0.15830603256999215,0.75,0.99964,0.78496 
0.15875281958041965,0.75,0.99972,0.78851 
0.15919960659084714,0.75,0.9998,0.79217 
0.15964639360127467,0.775,0.99985,0.79572 
0.1600931806117022,0.775,0.9999,0.79921 
0.1605399676221297,0.775,0.99997,0.80293 
0.16098675463255718,0.775,0.99999,0.80598 
0.1614335416429847,0.775,0.99999,0.80921 
0.16188032865341223,0.775,1.0,0.81244 
0.16232711566383973,0.775,1.0,0.81585 
0.16277390267426722,0.775,1.0,0.81921 
0.16322068968469475,0.775,1.0,0.82232 
0.16366747669512227,0.775,1.0,0.82545 
0.16411426370554977,0.775,1.0,0.82864 
0.16456105071597726,0.775,1.0,0.83153 
0.1650078377264048,0.775,1.0,0.83444 
0.1654546247368323,0.775,1.0,0.83753 
0.1659014117472598,0.775,1.0,0.84026 
0.1663481987576873,0.775,1.0,0.84313 
0.16679498576811483,0.775,1.0,0.84599 
0.16724177277854235,0.775,1.0,0.84871 
0.16768855978896985,0.775,1.0,0.8515 
0.16813534679939734,0.775,1.0,0.85422 
0.16858213380982487,0.775,1.0,0.85713 
0.1690289208202524,0.775,1.0,0.85936 
0.1694757078306799,0.775,1.0,0.86193 
0.16992249484110739,0.775,1.0,0.86439 
0.1703692818515349,0.775,1.0,0.86649 
0.17081606886196243,0.8,1.0,0.86885 
0.17126285587238993,0.8,1.0,0.87126 
0.17170964288281743,0.85,1.0,0.87345 
0.17215642989324495,0.85,1.0,0.87595 
0.17260321690367247,0.85,1.0,0.87799 
0.17305000391409997,0.85,1.0,0.88039 
0.1734967909245275,0.85,1.0,0.88291 
0.17394357793495502,0.85,1.0,0.88503 
0.17439036494538251,0.85,1.0,0.88702 
0.17483715195581,0.85,1.0,0.88934 
0.17528393896623753,0.85,1.0,0.89162 
0.17573072597666506,0.85,1.0,0.89397 
0.17617751298709255,0.85,1.0,0.89597 
0.17662429999752005,0.85,1.0,0.89817 
0.17707108700794758,0.85,1.0,0.89985 
0.1775178740183751,0.85,1.0,0.90186 
0.1779646610288026,0.85,1.0,0.90363 
0.1784114480392301,0.85,1.0,0.90536 
0.17885823504965762,0.85,1.0,0.90717 
0.17930502206008514,0.85,1.0,0.90899 
0.17975180907051264,0.875,1.0,0.9106 
0.18019859608094013,0.875,1.0,0.91208 
0.18064538309136766,0.9,1.0,0.91374 
0.18109217010179518,0.9,1.0,0.91546 
0.18153895711222268,0.9,1.0,0.91713 
0.18198574412265017,0.9,1.0,0.91865 
0.1824325311330777,0.9,1.0,0.9201 
0.18287931814350522,0.9,1.0,0.92155 
0.18332610515393272,0.9,1.0,0.92318 
0.1837728921643602,0.925,1.0,0.9246 
0.18421967917478774,0.925,1.0,0.92588 
0.18466646618521526,0.925,1.0,0.92733 
0.18511325319564276,0.925,1.0,0.92866 
0.18556004020607025,0.925,1.0,0.9301 
0.18600682721649778,0.925,1.0,0.9315 
0.1864536142269253,0.925,1.0,0.93293 
0.1869004012373528,0.925,1.0,0.93434 
0.1873471882477803,0.95,1.0,0.93545 
0.18779397525820782,0.95,1.0,0.93664 
0.18824076226863534,0.95,1.0,0.93809 
0.18868754927906284,0.95,1.0,0.93934 
0.18913433628949033,0.95,1.0,0.9405 
0.18958112329991786,0.95,1.0,0.94165 
0.19002791031034538,0.95,1.0,0.94289 
0.19047469732077288,0.95,1.0,0.94399 
0.19092148433120038,0.95,1.0,0.94515 
0.1913682713416279,0.95,1.0,0.94632 
0.19181505835205542,0.95,1.0,0.9473 
0.19226184536248292,0.95,1.0,0.94835 
0.19270863237291042,0.95,1.0,0.94945 
0.19315541938333794,0.95,1.0,0.95037 
0.19360220639376546,0.95,1.0,0.95122 
0.19404899340419296,0.95,1.0,0.95238 
0.19449578041462046,0.95,1.0,0.95334 
0.194942567425048,0.95,1.0,0.95436 
0.1953893544354755,0.95,1.0,0.95536 
0.195836141445903,0.95,1.0,0.95622 
0.1962829284563305,0.95,1.0,0.9571 
0.19672971546675805,0.95,1.0,0.9578 
0.19717650247718554,0.95,1.0,0.95859 
0.19762328948761304,0.95,1.0,0.95937 
0.19807007649804054,0.95,1.0,0.96018 
0.1985168635084681,0.95,1.0,0.96098 
0.19896365051889559,0.95,1.0,0.96162 
0.19941043752932308,0.95,1.0,0.9625 
0.19985722453975058,0.95,1.0,0.96314 
0.20030401155017813,0.95,1.0,0.9639 
0.20075079856060563,0.95,1.0,0.96459 
0.20119758557103312,0.95,1.0,0.96526 
0.20164437258146062,0.95,1.0,0.966 
0.20209115959188817,0.95,1.0,0.96678 
0.20253794660231567,0.95,1.0,0.96728 
0.20298473361274316,0.95,1.0,0.96797 
0.20343152062317066,0.95,1.0,0.96861 
0.2038783076335982,0.95,1.0,0.96931 
0.2043250946440257,0.95,1.0,0.96988 
0.2047718816544532,0.95,1.0,0.97055 
0.2052186686648807,0.95,1.0,0.9712 
0.20566545567530825,0.95,1.0,0.97179 
0.20611224268573575,0.95,1.0,0.97221 
0.20655902969616324,0.95,1.0,0.9728 
0.20700581670659074,0.95,1.0,0.97335 
0.2074526037170183,0.95,1.0,0.97383 
0.2078993907274458,0.95,1.0,0.97437 
0.20834617773787328,0.95,1.0,0.97485 
0.20879296474830084,0.95,1.0,0.97529 
0.20923975175872833,0.95,1.0,0.97578 
0.20968653876915583,0.95,1.0,0.97629 
0.21013332577958332,0.95,1.0,0.97662 
0.21058011279001088,0.95,1.0,0.97714 
0.21102689980043837,0.95,1.0,0.97771 
0.21147368681086587,0.95,1.0,0.9781 
0.21192047382129336,0.95,1.0,0.9786 
0.21236726083172092,0.95,1.0,0.97895 
0.2128140478421484,0.95,1.0,0.9793 
0.2132608348525759,0.95,1.0,0.97964 
0.2137076218630034,0.975,1.0,0.98009 
0.21415440887343096,0.975,1.0,0.98037 
0.21460119588385845,0.975,1.0,0.98077 
0.21504798289428595,0.975,1.0,0.98112 
0.21549476990471345,0.975,1.0,0.98144 
0.215941556915141,0.975,1.0,0.98189 
0.2163883439255685,0.975,1.0,0.98224 
0.216835130935996,0.975,1.0,0.98256 
0.2172819179464235,0.975,1.0,0.98296 
0.21772870495685104,0.975,1.0,0.98336 
0.21817549196727853,0.975,1.0,0.98364 
0.21862227897770603,0.975,1.0,0.98403 
0.21906906598813353,0.975,1.0,0.98437 
0.21951585299856108,0.975,1.0,0.98469 
0.21996264000898857,0.975,1.0,0.98495 
0.22040942701941607,0.975,1.0,0.98524 
0.22085621402984357,0.975,1.0,0.98552 
0.22130300104027112,0.975,1.0,0.98589 
0.22174978805069862,0.975,1.0,0.98618 
0.2221965750611261,0.975,1.0,0.98644 
0.2226433620715536,0.975,1.0,0.98669 
0.22309014908198116,0.975,1.0,0.98703 
0.22353693609240866,0.975,1.0,0.98727 
0.22398372310283615,0.975,1.0,0.98753 
0.22443051011326365,0.975,1.0,0.98775 
0.2248772971236912,0.975,1.0,0.98792 
0.2253240841341187,0.975,1.0,0.98823 
0.2257708711445462,0.975,1.0,0.9885 
0.2262176581549737,0.975,1.0,0.98877 
0.22666444516540124,0.975,1.0,0.98896 
0.22711123217582874,0.975,1.0,0.98919 
0.22755801918625623,0.975,1.0,0.98936 
0.22800480619668373,0.975,1.0,0.98963 
0.22845159320711128,0.975,1.0,0.98983 
0.22889838021753878,0.975,1.0,0.98999 
0.22934516722796627,0.975,1.0,0.99025 
0.22979195423839377,0.975,1.0,0.99044 
0.23023874124882132,0.975,1.0,0.99062 
0.23068552825924882,0.975,1.0,0.99092 
0.23113231526967631,0.975,1.0,0.99113 
0.23157910228010387,0.975,1.0,0.99128 
0.23202588929053136,0.975,1.0,0.99151 
0.23247267630095886,0.975,1.0,0.99169 
0.23291946331138635,0.975,1.0,0.99184 
0.2333662503218139,0.975,1.0,0.99203 
0.2338130373322414,0.975,1.0,0.99218 
0.2342598243426689,0.975,1.0,0.99229 
0.2347066113530964,0.975,1.0,0.99238 
0.23515339836352395,0.975,1.0,0.99256 
0.23560018537395144,0.975,1.0,0.99274 
0.23604697238437894,0.975,1.0,0.99284 
0.23649375939480644,0.975,1.0,0.99297 
0.236940546405234,0.975,1.0,0.99304 
0.23738733341566148,0.975,1.0,0.99323 
0.23783412042608898,0.975,1.0,0.99339 
0.23828090743651648,0.975,1.0,0.99356 
0.23872769444694403,0.975,1.0,0.99366 
0.23917448145737152,0.975,1.0,0.99381 
0.23962126846779902,0.975,1.0,0.99391 
0.24006805547822652,0.975,1.0,0.99398 
0.24051484248865407,0.975,1.0,0.99406 
0.24096162949908156,0.975,1.0,0.99417 
0.24140841650950906,0.975,1.0,0.99428 
0.24185520351993656,0.975,1.0,0.99435 
0.2423019905303641,0.975,1.0,0.99452 
0.2427487775407916,0.975,1.0,0.99465 
0.2431955645512191,0.975,1.0,0.99474 
0.2436423515616466,0.975,1.0,0.99486 
0.24408913857207415,0.975,1.0,0.99499 
0.24453592558250165,0.975,1.0,0.99514 
0.24498271259292914,0.975,1.0,0.99525 
0.24542949960335664,0.975,1.0,0.99529 
0.2458762866137842,0.975,1.0,0.99539 
0.24632307362421169,0.975,1.0,0.99552 
0.24676986063463918,0.975,1.0,0.99563 
0.24721664764506668,0.975,1.0,0.99571 
0.24766343465549423,0.975,1.0,0.9958 
0.24811022166592173,0.975,1.0,0.9959 
0.24855700867634922,0.975,1.0,0.99601 
0.24900379568677672,0.975,1.0,0.99611 
0.24945058269720427,0.975,1.0,0.99621 
0.24989736970763177,0.975,1.0,0.99628 
0.25034415671805926,0.975,1.0,0.99636 
0.25079094372848676,0.975,1.0,0.99644 
0.2512377307389143,0.975,1.0,0.99649 
0.2516845177493418,0.975,1.0,0.99656 
0.2521313047597693,0.975,1.0,0.99664 
0.2525780917701968,0.975,1.0,0.99669 
0.25302487878062435,0.975,1.0,0.99677 
0.25347166579105185,0.975,1.0,0.99682 
0.25391845280147934,0.975,1.0,0.99692 
0.2543652398119069,0.975,1.0,0.99695 
0.2548120268223344,0.975,1.0,0.99697 
0.2552588138327619,0.975,1.0,0.99701 
0.2557056008431894,0.975,1.0,0.99708 
0.25615238785361694,0.975,1.0,0.99715 
0.25659917486404443,0.975,1.0,0.99719 
0.25704596187447193,0.975,1.0,0.99724 
0.2574927488848994,0.975,1.0,0.99728 
0.257939535895327,0.975,1.0,0.99733 
0.2583863229057545,0.975,1.0,0.99738 
0.25883310991618197,0.975,1.0,0.99744 
0.25927989692660947,0.975,1.0,0.99755 
0.259726683937037,0.975,1.0,0.99757 
0.2601734709474645,0.975,1.0,0.99764 
0.260620257957892,0.975,1.0,0.99773 
0.2610670449683195,0.975,1.0,0.99778 
0.26151383197874706,0.975,1.0,0.99782 
0.26196061898917455,0.975,1.0,0.99787 
0.26240740599960205,0.975,1.0,0.99792 
0.26285419301002955,0.975,1.0,0.99799 
0.2633009800204571,0.975,1.0,0.99803 
0.2637477670308846,0.975,1.0,0.99805 
0.2641945540413121,0.975,1.0,0.99808 
0.2646413410517396,0.975,1.0,0.99816 
0.26508812806216714,0.975,1.0,0.99822 
0.26553491507259463,0.975,1.0,0.99824 
0.26598170208302213,0.975,1.0,0.99827 
0.2664284890934496,1.0,1.0,0.99828 
0.2668752761038772,1.0,1.0,0.99833 
0.2673220631143047,1.0,1.0,0.99837 
0.26776885012473217,1.0,1.0,0.99839 
0.26821563713515967,1.0,1.0,0.99843 
0.2686624241455872,1.0,1.0,0.99848 
0.2691092111560147,1.0,1.0,0.99851 
0.2695559981664422,1.0,1.0,0.99854 
0.2700027851768697,1.0,1.0,0.99856 
0.27044957218729726,1.0,1.0,0.9986 
0.27089635919772476,1.0,1.0,0.99862 
0.27134314620815225,1.0,1.0,0.99865 
0.27178993321857975,1.0,1.0,0.99867 
0.2722367202290073,1.0,1.0,0.99869 
0.2726835072394348,1.0,1.0,0.99872 
0.2731302942498623,1.0,1.0,0.99876 
0.2735770812602898,1.0,1.0,0.99877 
0.27402386827071734,1.0,1.0,0.99883 
0.27447065528114484,1.0,1.0,0.99883 
0.27491744229157233,1.0,1.0,0.99888 
0.27536422930199983,1.0,1.0,0.99892 
0.2758110163124274,1.0,1.0,0.99895 
0.2762578033228549,1.0,1.0,0.99897 
0.2767045903332824,1.0,1.0,0.99898 
0.2771513773437099,1.0,1.0,0.99901 
0.2775981643541374,1.0,1.0,0.99904 
0.2780449513645649,1.0,1.0,0.99908 
0.2784917383749924,1.0,1.0,0.99911 
0.27893852538541997,1.0,1.0,0.99913 
0.27938531239584746,1.0,1.0,0.99914 
0.27983209940627496,1.0,1.0,0.99916 
0.28027888641670246,1.0,1.0,0.99918 
0.28072567342713,1.0,1.0,0.99918 
0.2811724604375575,1.0,1.0,0.9992 
0.281619247447985,1.0,1.0,0.9992 
0.2820660344584125,1.0,1.0,0.9992 
0.28251282146884005,1.0,1.0,0.9992 
0.28295960847926754,1.0,1.0,0.99922 
0.28340639548969504,1.0,1.0,0.99923 
0.28385318250012254,1.0,1.0,0.99928 
0.2842999695105501,1.0,1.0,0.99929 
0.2847467565209776,1.0,1.0,0.99931 
0.2851935435314051,1.0,1.0,0.99933 
0.2856403305418326,1.0,1.0,0.99936 
0.28608711755226013,1.0,1.0,0.99936 
0.2865339045626876,1.0,1.0,0.99939 
0.2869806915731151,1.0,1.0,0.99942 
0.2874274785835426,1.0,1.0,0.99943 
0.28787426559397017,1.0,1.0,0.99943 
0.28832105260439767,1.0,1.0,0.99944 
0.28876783961482516,1.0,1.0,0.99945 
0.28921462662525266,1.0,1.0,0.99945 
0.2896614136356802,1.0,1.0,0.99945 
0.2901082006461077,1.0,1.0,0.99946 
0.2905549876565352,1.0,1.0,0.99948 
0.2910017746669627,1.0,1.0,0.99949 
0.29144856167739025,1.0,1.0,0.99951 
0.29189534868781775,1.0,1.0,0.99954 
0.29234213569824524,1.0,1.0,0.99956 
0.29278892270867274,1.0,1.0,0.99957 
