x,eeg_cdf,wishart_cdf,t_wishart_cdf 
16.503763784269914,0.0,0.0,6e-05 
16.517417252257225,0.0,0.0,6e-05 
16.53107072024454,0.0,0.0,6e-05 
16.54472418823185,0.0,0.0,6e-05 
16.55837765621916,0.0,0.0,6e-05 
16.57203112420647,0.0,0.0,6e-05 
16.585684592193786,0.0,0.0,6e-05 
16.599338060181097,0.0,0.0,6e-05 
16.612991528168408,0.0,0.0,7e-05 
16.626644996155722,0.0,0.0,8e-05 
16.640298464143033,0.0,0.0,8e-05 
16.653951932130344,0.0,0.0,9e-05 
16.667605400117655,0.0,0.0,0.0001 
16.68125886810497,0.0,0.0,0.0001 
16.69491233609228,0.0,0.0,0.0001 
16.70856580407959,0.0,0.0,0.00013 
16.722219272066905,0.0,0.0,0.00014 
16.735872740054216,0.0,0.0,0.00016 
16.749526208041527,0.0,0.0,0.00016 
16.763179676028837,0.0,0.0,0.00018 
16.776833144016152,0.0,0.0,0.00019 
16.790486612003463,0.0,0.0,0.00021 
16.804140079990773,0.0,0.0,0.00022 
16.817793547978088,0.0,0.0,0.00023 
16.8314470159654,0.0,0.0,0.00024 
16.84510048395271,0.0,0.0,0.00027 
16.858753951940024,0.0,0.0,0.00029 
16.872407419927335,0.0,0.0,0.00031 
16.886060887914645,0.0,0.0,0.00034 
16.899714355901956,0.0,0.0,0.00035 
16.91336782388927,0.0,0.0,0.00037 
16.92702129187658,0.0,0.0,0.00039 
16.940674759863892,0.0,0.0,0.00041 
16.954328227851207,0.0,0.0,0.00042 
16.967981695838517,0.0,0.0,0.00047 
16.98163516382583,0.0,0.0,0.00048 
16.99528863181314,0.0,0.0,0.00054 
17.008942099800453,0.0,0.0,0.00056 
17.022595567787764,0.0,0.0,0.00057 
17.036249035775075,0.0,0.0,0.00061 
17.04990250376239,0.0,0.0,0.00064 
17.0635559717497,0.0,0.0,0.00068 
17.07720943973701,0.0,0.0,0.00071 
17.090862907724322,0.0,0.0,0.00077 
17.104516375711636,0.0,0.0,0.0008 
17.118169843698947,0.0,0.0,0.00088 
17.131823311686258,0.0,0.0,0.00095 
17.145476779673572,0.0,0.0,0.001 
17.159130247660883,0.0,0.0,0.00104 
17.172783715648194,0.0,0.0,0.0011 
17.186437183635505,0.0,0.0,0.00117 
17.20009065162282,0.0,0.0,0.00124 
17.21374411961013,0.0,0.0,0.00131 
17.22739758759744,0.0,0.0,0.0014 
17.241051055584755,0.0,0.0,0.00151 
17.254704523572066,0.0,0.0,0.00163 
17.268357991559377,0.0,0.0,0.00171 
17.282011459546688,0.0,0.0,0.00178 
17.295664927534002,0.0,0.0,0.0019 
17.309318395521313,0.0,0.0,0.00199 
17.322971863508624,0.0,0.0,0.00211 
17.336625331495938,0.0,0.0,0.00222 
17.35027879948325,0.0,0.0,0.00234 
17.36393226747056,0.0,0.0,0.00247 
17.37758573545787,0.0,0.0,0.00254 
17.391239203445185,0.0,0.0,0.00274 
17.404892671432496,0.0,0.0,0.00287 
17.418546139419806,0.0,0.0,0.00304 
17.43219960740712,0.0,0.0,0.00317 
17.44585307539443,0.0,0.0,0.00327 
17.459506543381742,0.0,0.0,0.00346 
17.473160011369053,0.0,0.0,0.00358 
17.486813479356368,0.0,0.0,0.0038 
17.50046694734368,0.0,0.0,0.00393 
17.51412041533099,0.0,0.0,0.00411 
17.527773883318304,0.0,0.0,0.00433 
17.541427351305614,0.0,0.0,0.00462 
17.555080819292925,0.0,0.0,0.00482 
17.568734287280236,0.0,0.0,0.00503 
17.58238775526755,0.0,0.0,0.00527 
17.59604122325486,0.0,0.0,0.00542 
17.609694691242172,0.0,0.0,0.00573 
17.623348159229486,0.0,0.0,0.00602 
17.637001627216797,0.0,0.0,0.00625 
17.650655095204108,0.0,0.0,0.00657 
17.66430856319142,0.0,0.0,0.00692 
17.677962031178733,0.0,0.0,0.00724 
17.691615499166044,0.0,0.0,0.00759 
17.705268967153355,0.0,0.0,0.00802 
17.71892243514067,0.0,0.0,0.00851 
17.73257590312798,0.0,0.0,0.00886 
17.74622937111529,0.0,0.0,0.00926 
17.759882839102605,0.0,0.0,0.0097 
17.773536307089916,0.0,0.0,0.01011 
17.787189775077227,0.0,0.0,0.01051 
17.800843243064538,0.0,0.0,0.01101 
17.814496711051852,0.0,0.0,0.01152 
17.828150179039163,0.0,0.0,0.01208 
17.841803647026474,0.0,0.0,0.01268 
17.855457115013788,0.0,0.0,0.01324 
17.8691105830011,0.0,0.0,0.01385 
17.88276405098841,0.0,0.0,0.0145 
17.89641751897572,0.0,0.0,0.01513 
17.910070986963035,0.0,0.0,0.01574 
17.923724454950346,0.0,0.0,0.01659 
17.937377922937657,0.0,0.0,0.01731 
17.95103139092497,0.0,0.0,0.01808 
17.964684858912282,0.0,0.0,0.01887 
17.978338326899593,0.0,0.0,0.01976 
17.991991794886903,0.0,0.0,0.02073 
18.005645262874218,0.0,0.0,0.02167 
18.01929873086153,0.0,0.0,0.02251 
18.03295219884884,0.0,0.0,0.0234 
18.046605666836154,0.0,0.0,0.02445 
18.060259134823465,0.0,0.0,0.02544 
18.073912602810775,0.0,0.0,0.02662 
18.08756607079809,0.0,0.0,0.0275 
18.1012195387854,0.0,0.0,0.02847 
18.11487300677271,0.0,0.0,0.02975 
18.128526474760022,0.0,0.0,0.03077 
18.142179942747337,0.0,0.0,0.0321 
18.155833410734648,0.0,0.0,0.0333 
18.16948687872196,0.0,0.0,0.03476 
18.183140346709273,0.0,0.0,0.03625 
18.196793814696584,0.0,0.0,0.03763 
18.210447282683894,0.0,0.0,0.03914 
18.224100750671205,0.0,0.0,0.04068 
18.23775421865852,0.0,0.0,0.04212 
18.25140768664583,0.0,0.0,0.04393 
18.26506115463314,0.0,0.0,0.04552 
18.278714622620456,0.0,0.0,0.04732 
18.292368090607766,0.0,0.0,0.04931 
18.306021558595077,0.0,0.0,0.0509 
18.319675026582388,0.0,0.0,0.0531 
18.333328494569702,0.0,0.0,0.05508 
18.346981962557013,0.025,0.0,0.05718 
18.360635430544324,0.025,0.0,0.0594 
18.37428889853164,0.025,0.0,0.06172 
18.38794236651895,0.025,0.0,0.06397 
18.40159583450626,0.025,0.0,0.06631 
18.41524930249357,0.025,0.0,0.06886 
18.428902770480885,0.025,0.0,0.0711 
18.442556238468196,0.025,0.0,0.07365 
18.456209706455507,0.025,0.0,0.07618 
18.46986317444282,0.025,0.0,0.07901 
18.483516642430132,0.025,0.0,0.08161 
18.497170110417443,0.025,0.0,0.08429 
18.510823578404754,0.025,0.0,0.08722 
18.524477046392068,0.025,0.0,0.09028 
18.53813051437938,0.025,0.0,0.09306 
18.55178398236669,0.025,0.0,0.09618 
18.565437450354004,0.025,0.0,0.09921 
18.579090918341315,0.025,0.0,0.10257 
18.592744386328626,0.025,0.0,0.10585 
18.606397854315937,0.025,0.0,0.10965 
18.62005132230325,0.025,0.0,0.11331 
18.63370479029056,0.05,0.0,0.11683 
18.647358258277873,0.075,0.0,0.12029 
18.661011726265187,0.075,0.0,0.12421 
18.674665194252498,0.075,0.0,0.12798 
18.68831866223981,0.1,0.0,0.13205 
18.70197213022712,0.1,0.0,0.13644 
18.715625598214434,0.1,0.0,0.14039 
18.729279066201745,0.1,0.0,0.1445 
18.742932534189055,0.1,0.0,0.14844 
18.75658600217637,0.1,0.0,0.15301 
18.77023947016368,0.1,0.0,0.15752 
18.78389293815099,0.1,0.0,0.16225 
18.797546406138302,0.1,0.0,0.16698 
18.811199874125617,0.1,0.0,0.17175 
18.824853342112927,0.1,0.0,0.1766 
18.838506810100238,0.1,0.0,0.18162 
18.852160278087553,0.125,0.0,0.18699 
18.865813746074863,0.15,0.0,0.19235 
18.879467214062174,0.15,0.0,0.19769 
18.893120682049485,0.15,0.0,0.20334 
18.9067741500368,0.15,0.0,0.20844 
18.92042761802411,0.2,0.0,0.21362 
18.93408108601142,0.2,0.0,0.21949 
18.947734553998735,0.2,0.0,0.22541 
18.961388021986046,0.2,0.0,0.23088 
18.975041489973357,0.2,0.0,0.23707 
18.988694957960668,0.2,0.0,0.24335 
19.002348425947982,0.225,0.0,0.24951 
19.016001893935293,0.225,0.0,0.25585 
19.029655361922604,0.225,0.0,0.26185 
19.04330882990992,0.225,0.0,0.26816 
19.05696229789723,0.225,0.0,0.27508 
19.07061576588454,0.25,0.0,0.28152 
19.08426923387185,0.275,0.0,0.28831 
19.097922701859165,0.3,0.0,0.29483 
19.111576169846476,0.3,0.0,0.30171 
19.125229637833787,0.3,5e-05,0.30835 
19.1388831058211,0.325,0.00011,0.31507 
19.152536573808412,0.325,0.00034,0.32228 
19.166190041795723,0.35,0.00075,0.32914 
19.179843509783034,0.35,0.00159,0.33604 
19.193496977770348,0.35,0.00349,0.343 
19.20715044575766,0.35,0.00643,0.35027 
19.22080391374497,0.35,0.01197,0.3575 
19.234457381732284,0.35,0.02083,0.36447 
19.248110849719595,0.375,0.03423,0.37131 
19.261764317706906,0.375,0.05445,0.37852 
19.27541778569422,0.375,0.08304,0.38625 
19.28907125368153,0.375,0.121,0.3941 
19.30272472166884,0.375,0.1715,0.40192 
19.316378189656156,0.425,0.23437,0.40955 
19.330031657643467,0.425,0.30586,0.41768 
19.343685125630778,0.45,0.38705,0.42551 
19.35733859361809,0.45,0.47123,0.43303 
19.370992061605403,0.45,0.55713,0.44102 
19.384645529592714,0.45,0.64171,0.44862 
19.398298997580024,0.45,0.71899,0.45697 
19.41195246556734,0.45,0.78658,0.46496 
19.42560593355465,0.475,0.84315,0.47319 
19.43925940154196,0.475,0.8884,0.48095 
19.45291286952927,0.475,0.92417,0.48888 
19.466566337516586,0.475,0.9502,0.4969 
19.480219805503896,0.475,0.96869,0.50537 
19.493873273491207,0.475,0.98077,0.51326 
19.50752674147852,0.475,0.98899,0.52192 
19.521180209465832,0.475,0.99355,0.53003 
19.534833677453143,0.475,0.9965,0.53799 
19.548487145440454,0.475,0.99819,0.54608 
19.56214061342777,0.475,0.99907,0.55385 
19.57579408141508,0.5,0.99956,0.56232 
19.58944754940239,0.5,0.99979,0.57028 
19.603101017389704,0.525,0.99987,0.57836 
19.616754485377015,0.525,0.99994,0.58595 
19.630407953364326,0.525,0.99998,0.5934 
19.644061421351637,0.525,1.0,0.60166 
19.65771488933895,0.525,1.0,0.60957 
19.671368357326262,0.525,1.0,0.61779 
19.685021825313573,0.525,1.0,0.62583 
19.698675293300887,0.525,1.0,0.63412 
19.712328761288198,0.55,1.0,0.64206 
19.72598222927551,0.575,1.0,0.64976 
19.73963569726282,0.6,1.0,0.65783 
19.753289165250134,0.6,1.0,0.66512 
19.766942633237445,0.625,1.0,0.67289 
19.780596101224756,0.625,1.0,0.68065 
19.79424956921207,0.65,1.0,0.68836 
19.80790303719938,0.65,1.0,0.69572 
19.82155650518669,0.65,1.0,0.7027 
19.835209973174003,0.65,1.0,0.71018 
19.848863441161317,0.65,1.0,0.71698 
19.862516909148628,0.65,1.0,0.724 
19.87617037713594,0.65,1.0,0.73043 
19.889823845123253,0.675,1.0,0.73754 
19.903477313110564,0.675,1.0,0.74453 
19.917130781097875,0.675,1.0,0.75105 
19.930784249085185,0.675,1.0,0.75745 
19.9444377170725,0.675,1.0,0.76388 
19.95809118505981,0.675,1.0,0.77066 
19.97174465304712,0.675,1.0,0.7768 
19.985398121034436,0.675,1.0,0.78361 
19.999051589021747,0.675,1.0,0.78971 
20.012705057009057,0.675,1.0,0.79602 
20.02635852499637,0.675,1.0,0.80263 
20.040011992983683,0.675,1.0,0.80857 
20.053665460970993,0.675,1.0,0.81453 
20.067318928958304,0.675,1.0,0.8201 
20.08097239694562,0.7,1.0,0.826 
20.09462586493293,0.7,1.0,0.83172 
20.10827933292024,0.725,1.0,0.83678 
20.12193280090755,0.725,1.0,0.84209 
20.135586268894865,0.725,1.0,0.84727 
20.149239736882176,0.725,1.0,0.85261 
20.162893204869487,0.725,1.0,0.85776 
20.1765466728568,0.725,1.0,0.86244 
20.190200140844112,0.725,1.0,0.86703 
20.203853608831423,0.725,1.0,0.87176 
20.217507076818734,0.725,1.0,0.87606 
20.23116054480605,0.725,1.0,0.88049 
20.24481401279336,0.725,1.0,0.88521 
20.25846748078067,0.725,1.0,0.88952 
20.272120948767984,0.725,1.0,0.89362 
20.285774416755295,0.725,1.0,0.89791 
20.299427884742606,0.75,1.0,0.90188 
20.313081352729917,0.775,1.0,0.90541 
20.32673482071723,0.775,1.0,0.90948 
20.340388288704542,0.775,1.0,0.91288 
20.354041756691853,0.775,1.0,0.91652 
20.367695224679167,0.775,1.0,0.91994 
20.381348692666478,0.775,1.0,0.92315 
20.39500216065379,0.775,1.0,0.92626 
20.4086556286411,0.8,1.0,0.9292 
20.422309096628414,0.825,1.0,0.93228 
20.435962564615725,0.825,1.0,0.93503 
20.449616032603036,0.825,1.0,0.93814 
20.46326950059035,0.825,1.0,0.94094 
20.47692296857766,0.825,1.0,0.94367 
20.49057643656497,0.825,1.0,0.94622 
20.504229904552282,0.825,1.0,0.94851 
20.517883372539597,0.825,1.0,0.95084 
20.531536840526908,0.825,1.0,0.953 
20.545190308514222,0.825,1.0,0.95512 
20.558843776501533,0.825,1.0,0.95728 
20.572497244488844,0.825,1.0,0.95934 
20.586150712476154,0.85,1.0,0.96127 
20.599804180463465,0.85,1.0,0.96288 
20.61345764845078,0.85,1.0,0.96456 
20.62711111643809,0.85,1.0,0.96637 
20.640764584425405,0.85,1.0,0.96779 
20.654418052412716,0.85,1.0,0.96948 
20.668071520400026,0.85,1.0,0.97096 
20.681724988387337,0.875,1.0,0.97261 
20.695378456374648,0.875,1.0,0.97385 
20.709031924361962,0.875,1.0,0.97524 
20.722685392349273,0.875,1.0,0.97646 
20.736338860336588,0.9,1.0,0.97777 
20.7499923283239,0.9,1.0,0.97885 
20.76364579631121,0.925,1.0,0.98007 
20.77729926429852,0.925,1.0,0.9812 
20.79095273228583,0.925,1.0,0.98239 
20.804606200273145,0.925,1.0,0.98339 
20.818259668260456,0.925,1.0,0.98441 
20.83191313624777,0.95,1.0,0.98513 
20.84556660423508,0.95,1.0,0.98602 
20.859220072222392,0.95,1.0,0.98697 
20.872873540209703,0.95,1.0,0.98769 
20.886527008197017,0.95,1.0,0.98837 
20.900180476184328,0.975,1.0,0.989 
20.91383394417164,0.975,1.0,0.98979 
20.927487412158953,0.975,1.0,0.99054 
20.941140880146264,0.975,1.0,0.99097 
20.954794348133575,0.975,1.0,0.99146 
20.968447816120886,0.975,1.0,0.99188 
20.9821012841082,0.975,1.0,0.99242 
20.99575475209551,0.975,1.0,0.993 
21.009408220082822,0.975,1.0,0.99337 
21.023061688070136,0.975,1.0,0.99379 
21.036715156057447,0.975,1.0,0.99416 
21.050368624044758,0.975,1.0,0.99462 
21.06402209203207,0.975,1.0,0.99502 
21.077675560019383,0.975,1.0,0.99537 
21.091329028006694,0.975,1.0,0.99582 
21.104982495994005,0.975,1.0,0.99616 
21.11863596398132,0.975,1.0,0.99633 
21.13228943196863,0.975,1.0,0.99665 
21.14594289995594,0.975,1.0,0.99688 
21.15959636794325,0.975,1.0,0.99708 
21.173249835930566,0.975,1.0,0.99731 
21.186903303917877,0.975,1.0,0.99746 
21.200556771905188,1.0,1.0,0.99758 
21.214210239892502,1.0,1.0,0.99773 
21.227863707879813,1.0,1.0,0.99797 
21.241517175867124,1.0,1.0,0.99814 
21.255170643854434,1.0,1.0,0.9983 
21.26882411184175,1.0,1.0,0.99843 
21.28247757982906,1.0,1.0,0.99854 
21.29613104781637,1.0,1.0,0.9986 
21.309784515803685,1.0,1.0,0.99871 
21.323437983790996,1.0,1.0,0.99882 
21.337091451778306,1.0,1.0,0.99891 
21.350744919765617,1.0,1.0,0.99902 
21.36439838775293,1.0,1.0,0.99913 
21.378051855740242,1.0,1.0,0.9992 
21.391705323727553,1.0,1.0,0.99923 
21.405358791714868,1.0,1.0,0.99923 
21.41901225970218,1.0,1.0,0.9993 
21.43266572768949,1.0,1.0,0.99936 
21.4463191956768,1.0,1.0,0.9994 
21.459972663664114,1.0,1.0,0.99942 
21.473626131651425,1.0,1.0,0.99943 
21.487279599638736,1.0,1.0,0.99951 
21.50093306762605,1.0,1.0,0.99955 
21.51458653561336,1.0,1.0,0.9996 
21.528240003600672,1.0,1.0,0.99963 
21.541893471587983,1.0,1.0,0.99966 
21.555546939575297,1.0,1.0,0.99968 
21.569200407562608,1.0,1.0,0.99968 
21.58285387554992,1.0,1.0,0.99972 
21.596507343537233,1.0,1.0,0.99976 
21.610160811524544,1.0,1.0,0.99978 
21.623814279511855,1.0,1.0,0.9998 
21.637467747499166,1.0,1.0,0.99983 
21.65112121548648,1.0,1.0,0.99985 
21.66477468347379,1.0,1.0,0.99985 
21.6784281514611,1.0,1.0,0.99988 
21.692081619448416,1.0,1.0,0.99989 
21.705735087435727,1.0,1.0,0.99989 
21.719388555423038,1.0,1.0,0.99991 
21.73304202341035,1.0,1.0,0.99991 
21.746695491397663,1.0,1.0,0.99992 
21.760348959384974,1.0,1.0,0.99995 
21.774002427372288,1.0,1.0,0.99996 
21.7876558953596,1.0,1.0,0.99997 
21.80130936334691,1.0,1.0,0.99998 
21.81496283133422,1.0,1.0,0.99999 
21.82861629932153,1.0,1.0,0.99999 
21.842269767308846,1.0,1.0,0.99999 
21.855923235296157,1.0,1.0,1.0 
21.86957670328347,1.0,1.0,1.0 
21.88323017127078,1.0,1.0,1.0 
21.896883639258093,1.0,1.0,1.0 
21.910537107245403,1.0,1.0,1.0 
21.924190575232714,1.0,1.0,1.0 
21.93784404322003,1.0,1.0,1.0 
21.95149751120734,1.0,1.0,1.0 
21.965150979194654,1.0,1.0,1.0 
21.978804447181965,1.0,1.0,1.0 
21.992457915169275,1.0,1.0,1.0 
22.006111383156586,1.0,1.0,1.0 
22.019764851143897,1.0,1.0,1.0 
22.03341831913121,1.0,1.0,1.0 
22.047071787118522,1.0,1.0,1.0 
22.060725255105837,1.0,1.0,1.0 
22.074378723093147,1.0,1.0,1.0 
22.08803219108046,1.0,1.0,1.0 
22.10168565906777,1.0,1.0,1.0 
22.11533912705508,1.0,1.0,1.0 
22.128992595042394,1.0,1.0,1.0 
22.142646063029705,1.0,1.0,1.0 
22.15629953101702,1.0,1.0,1.0 
22.16995299900433,1.0,1.0,1.0 
22.18360646699164,1.0,1.0,1.0 
22.197259934978952,1.0,1.0,1.0 
22.210913402966263,1.0,1.0,1.0 
22.224566870953577,1.0,1.0,1.0 
22.238220338940888,1.0,1.0,1.0 
22.251873806928202,1.0,1.0,1.0 
22.265527274915513,1.0,1.0,1.0 
22.279180742902824,1.0,1.0,1.0 
22.292834210890135,1.0,1.0,1.0 
22.30648767887745,1.0,1.0,1.0 
22.32014114686476,1.0,1.0,1.0 
22.33379461485207,1.0,1.0,1.0 
22.347448082839385,1.0,1.0,1.0 
22.361101550826696,1.0,1.0,1.0 
22.374755018814007,1.0,1.0,1.0 
22.388408486801318,1.0,1.0,1.0 
22.402061954788632,1.0,1.0,1.0 
22.415715422775943,1.0,1.0,1.0 
22.429368890763254,1.0,1.0,1.0 
22.443022358750568,1.0,1.0,1.0 
22.45667582673788,1.0,1.0,1.0 
22.47032929472519,1.0,1.0,1.0 
22.4839827627125,1.0,1.0,1.0 
22.497636230699815,1.0,1.0,1.0 
22.511289698687126,1.0,1.0,1.0 
22.524943166674436,1.0,1.0,1.0 
22.53859663466175,1.0,1.0,1.0 
22.55225010264906,1.0,1.0,1.0 
22.565903570636372,1.0,1.0,1.0 
22.579557038623683,1.0,1.0,1.0 
22.593210506610998,1.0,1.0,1.0 
22.60686397459831,1.0,1.0,1.0 
22.62051744258562,1.0,1.0,1.0 
22.634170910572934,1.0,1.0,1.0 
22.647824378560244,1.0,1.0,1.0 
22.661477846547555,1.0,1.0,1.0 
22.675131314534866,1.0,1.0,1.0 
22.68878478252218,1.0,1.0,1.0 
22.70243825050949,1.0,1.0,1.0 
22.716091718496802,1.0,1.0,1.0 
22.729745186484116,1.0,1.0,1.0 
22.743398654471427,1.0,1.0,1.0 
22.757052122458738,1.0,1.0,1.0 
22.77070559044605,1.0,1.0,1.0 
22.784359058433363,1.0,1.0,1.0 
22.798012526420674,1.0,1.0,1.0 
22.811665994407985,1.0,1.0,1.0 
22.8253194623953,1.0,1.0,1.0 
22.83897293038261,1.0,1.0,1.0 
22.85262639836992,1.0,1.0,1.0 
22.86627986635723,1.0,1.0,1.0 
22.879933334344546,1.0,1.0,1.0 
22.893586802331857,1.0,1.0,1.0 
22.907240270319168,1.0,1.0,1.0 
22.920893738306482,1.0,1.0,1.0 
22.934547206293793,1.0,1.0,1.0 
22.948200674281104,1.0,1.0,1.0 
22.961854142268415,1.0,1.0,1.0 
22.97550761025573,1.0,1.0,1.0 
22.98916107824304,1.0,1.0,1.0 
23.00281454623035,1.0,1.0,1.0 
23.016468014217665,1.0,1.0,1.0 
23.030121482204976,1.0,1.0,1.0 
23.043774950192287,1.0,1.0,1.0 
23.057428418179597,1.0,1.0,1.0 
23.071081886166912,1.0,1.0,1.0 
23.084735354154223,1.0,1.0,1.0 
23.098388822141537,1.0,1.0,1.0 
23.112042290128848,1.0,1.0,1.0 
23.12569575811616,1.0,1.0,1.0 
23.13934922610347,1.0,1.0,1.0 
23.15300269409078,1.0,1.0,1.0 
23.166656162078095,1.0,1.0,1.0 
23.180309630065405,1.0,1.0,1.0 
23.19396309805272,1.0,1.0,1.0 
23.20761656604003,1.0,1.0,1.0 
23.22127003402734,1.0,1.0,1.0 
23.234923502014652,1.0,1.0,1.0 
23.248576970001963,1.0,1.0,1.0 
23.262230437989277,1.0,1.0,1.0 
23.27588390597659,1.0,1.0,1.0 
23.289537373963903,1.0,1.0,1.0 
23.303190841951213,1.0,1.0,1.0 
23.316844309938524,1.0,1.0,1.0 
