x,eeg_cdf,wishart_cdf,t_wishart_cdf 
0.00048310228073123677,0.0,0.0,0.00159 
0.0004990384376514724,0.0,0.0,0.00206 
0.000514974594571708,0.0,0.0,0.00276 
0.0005309107514919436,0.0,0.0,0.0035 
0.0005468469084121793,0.025,0.0,0.00433 
0.0005627830653324149,0.025,0.0,0.0055 
0.0005787192222526506,0.025,0.0,0.00669 
0.0005946553791728863,0.025,0.0,0.00798 
0.0006105915360931219,0.025,0.0,0.00958 
0.0006265276930133575,0.05,0.0,0.01156 
0.0006424638499335931,0.075,0.0,0.01379 
0.0006584000068538288,0.075,0.0,0.01628 
0.0006743361637740644,0.075,0.0,0.01873 
0.0006902723206943,0.1,0.0,0.02171 
0.0007062084776145356,0.1,0.0,0.02511 
0.0007221446345347714,0.125,0.0,0.02837 
0.0007380807914550069,0.125,0.0,0.03264 
0.0007540169483752426,0.125,0.0,0.03718 
0.0007699531052954782,0.15,0.0,0.04165 
0.0007858892622157139,0.15,0.0,0.04658 
0.0008018254191359495,0.15,0.0,0.05218 
0.0008177615760561851,0.15,0.0,0.05763 
0.0008336977329764208,0.15,0.0,0.06357 
0.0008496338898966564,0.15,0.0,0.06999 
0.000865570046816892,0.15,0.0,0.07678 
0.0008815062037371276,0.15,0.0,0.08342 
0.0008974423606573634,0.2,0.0,0.09061 
0.0009133785175775989,0.2,0.0,0.09824 
0.0009293146744978346,0.2,0.0,0.10592 
0.0009452508314180702,0.2,0.0,0.1138 
0.0009611869883383059,0.2,0.0,0.12204 
0.0009771231452585416,0.2,0.0,0.13048 
0.0009930593021787771,0.2,0.0,0.13962 
0.0010089954590990127,0.225,0.0,0.14911 
0.0010249316160192484,0.225,0.0,0.15835 
0.0010408677729394841,0.225,0.0,0.16737 
0.0010568039298597196,0.225,0.0,0.1771 
0.0010727400867799552,0.25,0.0,0.18643 
0.001088676243700191,0.25,0.0,0.19633 
0.0011046124006204266,0.25,2e-05,0.20593 
0.0011205485575406624,0.25,3e-05,0.21611 
0.0011364847144608979,0.25,5e-05,0.22621 
0.0011524208713811334,0.3,7e-05,0.23682 
0.0011683570283013691,0.3,0.00011,0.24755 
0.0011842931852216049,0.3,0.00018,0.25844 
0.0012002293421418404,0.325,0.00036,0.26853 
0.001216165499062076,0.325,0.00051,0.27887 
0.0012321016559823116,0.325,0.00087,0.28986 
0.0012480378129025474,0.35,0.0013,0.29999 
0.0012639739698227831,0.375,0.00181,0.3107 
0.0012799101267430186,0.375,0.00257,0.3214 
0.0012958462836632541,0.4,0.00397,0.33205 
0.0013117824405834899,0.4,0.00601,0.34277 
0.0013277185975037256,0.4,0.00835,0.35347 
0.0013436547544239611,0.4,0.01141,0.36437 
0.0013595909113441967,0.4,0.01538,0.37434 
0.0013755270682644324,0.4,0.02046,0.38466 
0.0013914632251846681,0.425,0.02683,0.39465 
0.0014073993821049036,0.425,0.03469,0.40476 
0.0014233355390251394,0.425,0.04465,0.41546 
0.001439271695945375,0.425,0.05636,0.42547 
0.0014552078528656106,0.425,0.07024,0.43528 
0.0014711440097858464,0.425,0.08597,0.4456 
0.0014870801667060817,0.425,0.104,0.45571 
0.0015030163236263174,0.425,0.12511,0.46518 
0.0015189524805465531,0.425,0.14897,0.47504 
0.0015348886374667889,0.425,0.17485,0.48504 
0.0015508247943870246,0.425,0.20258,0.49435 
0.00156676095130726,0.425,0.23375,0.50374 
0.0015826971082274956,0.45,0.26612,0.51264 
0.0015986332651477314,0.475,0.30059,0.52146 
0.001614569422067967,0.475,0.33705,0.53052 
0.0016305055789882024,0.475,0.37635,0.53969 
0.0016464417359084381,0.475,0.41453,0.54853 
0.0016623778928286739,0.475,0.45406,0.5576 
0.0016783140497489096,0.475,0.49272,0.56644 
0.0016942502066691453,0.5,0.53157,0.57474 
0.0017101863635893806,0.5,0.56876,0.58332 
0.0017261225205096164,0.5,0.60604,0.59155 
0.0017420586774298521,0.5,0.64231,0.59933 
0.0017579948343500879,0.5,0.67725,0.60678 
0.0017739309912703232,0.5,0.71004,0.61441 
0.0017898671481905589,0.5,0.74082,0.62258 
0.0018058033051107946,0.5,0.7693,0.63018 
0.0018217394620310304,0.55,0.79703,0.63813 
0.0018376756189512657,0.55,0.82107,0.64518 
0.0018536117758715014,0.55,0.84435,0.65223 
0.0018695479327917371,0.575,0.86376,0.65938 
0.0018854840897119729,0.575,0.88148,0.66609 
0.0019014202466322086,0.575,0.8989,0.67303 
0.001917356403552444,0.575,0.91345,0.68008 
0.0019332925604726796,0.575,0.92629,0.68711 
0.0019492287173929154,0.575,0.93756,0.69336 
0.001965164874313151,0.575,0.94752,0.69954 
0.0019811010312333864,0.575,0.95643,0.70588 
0.001997037188153622,0.575,0.96366,0.71217 
0.002012973345073858,0.6,0.96979,0.71829 
0.0020289095019940936,0.625,0.97484,0.72399 
0.0020448456589143293,0.625,0.97904,0.72951 
0.0020607818158345646,0.625,0.98315,0.73501 
0.0020767179727548004,0.65,0.98616,0.74047 
0.002092654129675036,0.65,0.98869,0.74599 
0.002108590286595272,0.65,0.9908,0.75103 
0.002124526443515507,0.65,0.9925,0.75646 
0.002140462600435743,0.675,0.99412,0.76143 
0.0021563987573559786,0.675,0.99544,0.76644 
0.0021723349142762144,0.675,0.99652,0.7712 
0.00218827107119645,0.675,0.99736,0.77633 
0.0022042072281166854,0.7,0.99794,0.78115 
0.002220143385036921,0.7,0.99841,0.78592 
0.002236079541957157,0.7,0.99871,0.79034 
0.0022520156988773926,0.725,0.99899,0.79463 
0.002267951855797628,0.725,0.99925,0.79892 
0.0022838880127178636,0.75,0.99944,0.8034 
0.0022998241696380994,0.75,0.99954,0.80792 
0.002315760326558335,0.75,0.99965,0.81174 
0.0023316964834785704,0.75,0.99967,0.81598 
0.002347632640398806,0.75,0.99975,0.81998 
0.002363568797319042,0.775,0.99981,0.82396 
0.0023795049542392776,0.775,0.99987,0.82791 
0.0023954411111595133,0.775,0.9999,0.83138 
0.0024113772680797486,0.775,0.99993,0.83506 
0.0024273134249999844,0.775,0.99993,0.8386 
0.00244324958192022,0.775,0.99994,0.84225 
0.002459185738840456,0.775,0.99996,0.84568 
0.0024751218957606916,0.775,0.99996,0.84913 
0.002491058052680927,0.775,0.99997,0.85242 
0.0025069942096011626,0.775,0.99998,0.85557 
0.0025229303665213984,0.775,0.99998,0.85875 
0.002538866523441634,0.775,1.0,0.86183 
0.00255480268036187,0.775,1.0,0.86458 
0.002570738837282105,0.775,1.0,0.86752 
0.002586674994202341,0.775,1.0,0.86998 
0.0026026111511225766,0.775,1.0,0.87269 
0.0026185473080428123,0.775,1.0,0.87534 
0.0026344834649630476,0.775,1.0,0.87773 
0.0026504196218832834,0.8,1.0,0.88023 
0.002666355778803519,0.8,1.0,0.88303 
0.002682291935723755,0.8,1.0,0.88526 
0.0026982280926439906,0.8,1.0,0.88744 
0.002714164249564226,0.8,1.0,0.88978 
0.0027301004064844616,0.8,1.0,0.89193 
0.0027460365634046973,0.8,1.0,0.89428 
0.002761972720324933,0.8,1.0,0.89649 
0.0027779088772451684,0.8,1.0,0.89892 
0.002793845034165404,0.8,1.0,0.90129 
0.00280978119108564,0.825,1.0,0.90338 
0.0028257173480058756,0.825,1.0,0.90537 
0.002841653504926111,0.825,1.0,0.90753 
0.0028575896618463466,0.825,1.0,0.90976 
0.0028735258187665823,0.825,1.0,0.91176 
0.002889461975686818,0.825,1.0,0.91353 
0.002905398132607054,0.825,1.0,0.91521 
0.002921334289527289,0.85,1.0,0.91713 
0.002937270446447525,0.85,1.0,0.91871 
0.0029532066033677606,0.85,1.0,0.92051 
0.0029691427602879963,0.875,1.0,0.92218 
0.0029850789172082316,0.9,1.0,0.92401 
0.0030010150741284674,0.925,1.0,0.92576 
0.003016951231048703,0.925,1.0,0.92734 
0.003032887387968939,0.925,1.0,0.92897 
0.0030488235448891746,0.925,1.0,0.93038 
0.00306475970180941,0.925,1.0,0.93172 
0.0030806958587296456,0.925,1.0,0.93319 
0.0030966320156498813,0.925,1.0,0.93458 
0.003112568172570117,0.925,1.0,0.93581 
0.0031285043294903524,0.925,1.0,0.9371 
0.003144440486410588,0.925,1.0,0.93839 
0.003160376643330824,0.925,1.0,0.93977 
0.0031763128002510596,0.925,1.0,0.94096 
0.003192248957171295,0.925,1.0,0.9422 
0.0032081851140915306,0.925,1.0,0.94328 
0.0032241212710117663,0.925,1.0,0.94438 
0.003240057427932002,0.95,1.0,0.94558 
0.003255993584852238,0.95,1.0,0.94687 
0.003271929741772473,0.95,1.0,0.94804 
0.003287865898692709,0.95,1.0,0.9492 
0.0033038020556129446,0.95,1.0,0.95027 
0.0033197382125331803,0.95,1.0,0.95111 
0.0033356743694534156,0.95,1.0,0.95217 
0.0033516105263736514,0.95,1.0,0.95307 
0.003367546683293887,0.95,1.0,0.9538 
0.003383482840214123,0.95,1.0,0.95489 
0.0033994189971343586,0.95,1.0,0.95582 
0.003415355154054594,0.95,1.0,0.95662 
0.0034312913109748296,0.95,1.0,0.95766 
0.0034472274678950653,0.95,1.0,0.95861 
0.003463163624815301,0.95,1.0,0.95948 
0.0034790997817355364,0.95,1.0,0.96032 
0.003495035938655772,0.95,1.0,0.9612 
0.003510972095576008,0.95,1.0,0.96182 
0.0035269082524962436,0.95,1.0,0.96261 
0.003542844409416479,0.95,1.0,0.96339 
0.0035587805663367146,0.95,1.0,0.96411 
0.0035747167232569503,0.95,1.0,0.96478 
0.003590652880177186,0.95,1.0,0.96534 
0.003606589037097422,0.95,1.0,0.96602 
0.003622525194017657,0.95,1.0,0.96688 
0.003638461350937893,0.95,1.0,0.96762 
0.0036543975078581286,0.95,1.0,0.9681 
0.0036703336647783643,0.95,1.0,0.96871 
0.0036862698216985996,0.95,1.0,0.96928 
0.0037022059786188354,0.95,1.0,0.96978 
0.003718142135539071,0.95,1.0,0.97045 
0.003734078292459307,0.95,1.0,0.97107 
0.0037500144493795426,0.95,1.0,0.97158 
0.003765950606299778,0.95,1.0,0.97211 
0.0037818867632200136,0.95,1.0,0.97265 
0.0037978229201402493,0.95,1.0,0.97317 
0.003813759077060485,0.95,1.0,0.97361 
0.0038296952339807204,0.95,1.0,0.97428 
0.003845631390900956,0.95,1.0,0.9747 
0.003861567547821192,0.95,1.0,0.97511 
0.0038775037047414276,0.95,1.0,0.97565 
0.0038934398616616633,0.95,1.0,0.97611 
0.003909376018581898,0.95,1.0,0.97661 
0.003925312175502134,0.95,1.0,0.97702 
0.00394124833242237,0.95,1.0,0.97753 
0.003957184489342605,0.95,1.0,0.97802 
0.003973120646262841,0.95,1.0,0.97846 
0.003989056803183077,0.95,1.0,0.97883 
0.004004992960103313,0.95,1.0,0.97927 
0.004020929117023548,0.95,1.0,0.97956 
0.004036865273943783,0.95,1.0,0.97993 
0.004052801430864019,0.95,1.0,0.98033 
0.004068737587784255,0.95,1.0,0.98073 
0.00408467374470449,0.95,1.0,0.9811 
0.004100609901624726,0.95,1.0,0.9815 
0.004116546058544962,0.95,1.0,0.98184 
0.004132482215465198,0.95,1.0,0.98222 
0.004148418372385433,0.95,1.0,0.98258 
0.004164354529305669,0.95,1.0,0.98286 
0.004180290686225904,0.95,1.0,0.98311 
0.00419622684314614,0.95,1.0,0.98339 
0.004212163000066375,0.95,1.0,0.98377 
0.004228099156986611,0.95,1.0,0.984 
0.004244035313906847,0.95,1.0,0.98431 
0.004259971470827083,0.95,1.0,0.98464 
0.004275907627747318,0.95,1.0,0.98489 
0.004291843784667554,0.95,1.0,0.98515 
0.00430777994158779,0.95,1.0,0.9854 
0.004323716098508025,0.95,1.0,0.9857 
0.00433965225542826,0.95,1.0,0.98597 
0.004355588412348496,0.95,1.0,0.98621 
0.004371524569268732,0.95,1.0,0.98651 
0.004387460726188968,0.95,1.0,0.98675 
0.004403396883109203,0.95,1.0,0.98703 
0.004419333040029439,0.95,1.0,0.9874 
0.004435269196949675,0.95,1.0,0.98761 
0.0044512053538699105,0.95,1.0,0.9879 
0.004467141510790146,0.95,1.0,0.98815 
0.004483077667710382,0.95,1.0,0.98837 
0.004499013824630617,0.95,1.0,0.98861 
0.004514949981550853,0.95,1.0,0.98884 
0.004530886138471088,0.95,1.0,0.98899 
0.004546822295391324,0.95,1.0,0.98919 
0.00456275845231156,0.95,1.0,0.98945 
0.0045786946092317956,0.95,1.0,0.98966 
0.004594630766152031,0.975,1.0,0.98982 
0.004610566923072267,0.975,1.0,0.98997 
0.004626503079992503,0.975,1.0,0.99016 
0.004642439236912738,0.975,1.0,0.99031 
0.004658375393832973,0.975,1.0,0.99045 
0.004674311550753209,0.975,1.0,0.99061 
0.004690247707673445,0.975,1.0,0.99091 
0.004706183864593681,0.975,1.0,0.99105 
0.004722120021513916,0.975,1.0,0.99115 
0.004738056178434152,0.975,1.0,0.99146 
0.004753992335354388,0.975,1.0,0.99158 
0.0047699284922746235,0.975,1.0,0.9917 
0.004785864649194858,0.975,1.0,0.99183 
0.004801800806115094,0.975,1.0,0.99197 
0.00481773696303533,0.975,1.0,0.9921 
0.004833673119955566,0.975,1.0,0.99222 
0.004849609276875801,0.975,1.0,0.99235 
0.004865545433796037,0.975,1.0,0.99241 
0.004881481590716273,0.975,1.0,0.99255 
0.0048974177476365085,0.975,1.0,0.99269 
0.004913353904556744,0.975,1.0,0.99274 
0.004929290061476979,0.975,1.0,0.99288 
0.004945226218397215,0.975,1.0,0.99297 
0.004961162375317451,0.975,1.0,0.99312 
0.004977098532237686,0.975,1.0,0.99326 
0.004993034689157922,0.975,1.0,0.99334 
0.005008970846078158,0.975,1.0,0.99343 
0.0050249070029983935,0.975,1.0,0.99358 
0.005040843159918629,0.975,1.0,0.99368 
0.005056779316838864,0.975,1.0,0.99381 
0.0050727154737591,0.975,1.0,0.99392 
0.005088651630679336,0.975,1.0,0.99399 
0.005104587787599571,0.975,1.0,0.9941 
0.005120523944519807,0.975,1.0,0.99427 
0.005136460101440043,0.975,1.0,0.99443 
0.0051523962583602785,0.975,1.0,0.99454 
0.005168332415280514,0.975,1.0,0.9946 
0.00518426857220075,0.975,1.0,0.99475 
0.005200204729120985,0.975,1.0,0.99485 
0.005216140886041221,0.975,1.0,0.99496 
0.005232077042961456,0.975,1.0,0.99504 
0.005248013199881692,0.975,1.0,0.99511 
0.005263949356801928,0.975,1.0,0.99519 
0.0052798855137221636,0.975,1.0,0.99532 
0.005295821670642399,0.975,1.0,0.9954 
0.005311757827562635,0.975,1.0,0.99551 
0.005327693984482871,0.975,1.0,0.99557 
0.005343630141403106,0.975,1.0,0.99565 
0.005359566298323341,0.975,1.0,0.99567 
0.005375502455243577,0.975,1.0,0.99572 
0.005391438612163813,0.975,1.0,0.99575 
0.0054073747690840486,0.975,1.0,0.99587 
0.005423310926004284,0.975,1.0,0.99592 
0.00543924708292452,0.975,1.0,0.99599 
0.005455183239844756,0.975,1.0,0.99608 
0.0054711193967649915,0.975,1.0,0.99622 
0.005487055553685226,0.975,1.0,0.99629 
0.005502991710605462,0.975,1.0,0.99638 
0.005518927867525698,0.975,1.0,0.99645 
0.005534864024445934,0.975,1.0,0.99647 
0.005550800181366169,0.975,1.0,0.99651 
0.005566736338286405,0.975,1.0,0.99656 
0.005582672495206641,0.975,1.0,0.99659 
0.0055986086521268765,0.975,1.0,0.99667 
0.005614544809047112,0.975,1.0,0.99672 
0.005630480965967347,0.975,1.0,0.99682 
0.005646417122887583,0.975,1.0,0.99688 
0.005662353279807819,0.975,1.0,0.99693 
0.005678289436728054,0.975,1.0,0.99697 
0.00569422559364829,0.975,1.0,0.99704 
0.005710161750568526,0.975,1.0,0.99705 
0.0057260979074887615,0.975,1.0,0.9971 
0.005742034064408997,0.975,1.0,0.99717 
0.005757970221329233,0.975,1.0,0.99722 
0.005773906378249468,0.975,1.0,0.99727 
0.005789842535169704,0.975,1.0,0.9973 
0.005805778692089939,0.975,1.0,0.99734 
0.005821714849010175,0.975,1.0,0.99742 
0.005837651005930411,0.975,1.0,0.99746 
0.0058535871628506465,0.975,1.0,0.99751 
0.005869523319770882,0.975,1.0,0.99753 
0.005885459476691118,0.975,1.0,0.99759 
0.005901395633611353,0.975,1.0,0.99763 
0.005917331790531589,0.975,1.0,0.99768 
0.005933267947451824,0.975,1.0,0.99772 
0.00594920410437206,0.975,1.0,0.99778 
0.005965140261292296,0.975,1.0,0.9978 
0.0059810764182125315,0.975,1.0,0.99784 
0.005997012575132767,0.975,1.0,0.99786 
0.006012948732053003,0.975,1.0,0.99789 
0.006028884888973239,0.975,1.0,0.99792 
0.006044821045893474,0.975,1.0,0.99797 
0.006060757202813709,0.975,1.0,0.998 
0.006076693359733945,0.975,1.0,0.99803 
0.006092629516654181,0.975,1.0,0.99806 
0.0061085656735744166,0.975,1.0,0.99808 
0.006124501830494652,0.975,1.0,0.99811 
0.006140437987414888,0.975,1.0,0.99813 
0.006156374144335124,0.975,1.0,0.99817 
0.0061723103012553595,0.975,1.0,0.9982 
0.006188246458175594,0.975,1.0,0.99822 
0.00620418261509583,0.975,1.0,0.99826 
0.006220118772016066,0.975,1.0,0.99831 
0.006236054928936302,0.975,1.0,0.99833 
0.006251991085856537,0.975,1.0,0.99836 
0.006267927242776773,0.975,1.0,0.99837 
0.006283863399697009,0.975,1.0,0.99841 
0.0062997995566172445,0.975,1.0,0.99842 
0.00631573571353748,0.975,1.0,0.99844 
0.006331671870457715,0.975,1.0,0.99846 
0.006347608027377951,0.975,1.0,0.99849 
0.006363544184298187,0.975,1.0,0.9985 
0.006379480341218422,0.975,1.0,0.99853 
0.006395416498138658,0.975,1.0,0.99853 
0.006411352655058894,0.975,1.0,0.99855 
0.0064272888119791295,0.975,1.0,0.99856 
0.006443224968899365,0.975,1.0,0.99857 
0.006459161125819601,0.975,1.0,0.99863 
0.006475097282739836,0.975,1.0,0.99863 
0.006491033439660072,0.975,1.0,0.99865 
0.006506969596580307,0.975,1.0,0.99869 
0.006522905753500543,0.975,1.0,0.99872 
0.006538841910420779,0.975,1.0,0.99874 
0.0065547780673410145,0.975,1.0,0.99874 
0.00657071422426125,0.975,1.0,0.99877 
0.006586650381181486,0.975,1.0,0.99879 
0.006602586538101721,0.975,1.0,0.99879 
0.006618522695021957,0.975,1.0,0.99879 
0.006634458851942192,0.975,1.0,0.99879 
0.006650395008862428,0.975,1.0,0.99882 
0.006666331165782664,0.975,1.0,0.99886 
0.0066822673227028995,0.975,1.0,0.99888 
0.006698203479623135,0.975,1.0,0.99889 
0.006714139636543371,0.975,1.0,0.99889 
0.006730075793463607,0.975,1.0,0.99892 
0.006746011950383842,0.975,1.0,0.99893 
0.006761948107304077,0.975,1.0,0.99894 
0.006777884264224313,0.975,1.0,0.99897 
0.006793820421144549,0.975,1.0,0.99897 
0.0068097565780647846,0.975,1.0,0.99897 
0.00682569273498502,0.975,1.0,0.99898 
0.006841628891905256,0.975,1.0,0.99899 
0.006857565048825492,0.975,1.0,0.99901 
0.0068735012057457275,0.975,1.0,0.99902 
0.006889437362665962,0.975,1.0,0.99904 
0.006905373519586198,0.975,1.0,0.99905 
0.006921309676506434,0.975,1.0,0.99908 
0.0069372458334266696,0.975,1.0,0.99908 
0.006953181990346905,0.975,1.0,0.99911 
0.006969118147267141,0.975,1.0,0.99912 
0.006985054304187377,0.975,1.0,0.99912 
0.0070009904611076125,0.975,1.0,0.99915 
0.007016926618027848,0.975,1.0,0.99916 
0.007032862774948083,0.975,1.0,0.99916 
0.007048798931868319,0.975,1.0,0.99917 
0.007064735088788555,0.975,1.0,0.99918 
0.00708067124570879,0.975,1.0,0.9992 
0.007096607402629026,0.975,1.0,0.99921 
0.007112543559549262,0.975,1.0,0.99923 
0.0071284797164694975,0.975,1.0,0.99924 
0.007144415873389733,0.975,1.0,0.99925 
0.007160352030309969,0.975,1.0,0.99928 
0.007176288187230204,0.975,1.0,0.99929 
0.00719222434415044,0.975,1.0,0.99929 
0.007208160501070675,0.975,1.0,0.99929 
0.007224096657990911,0.975,1.0,0.99931 
0.007240032814911147,0.975,1.0,0.99932 
0.0072559689718313825,0.975,1.0,0.99935 
0.007271905128751618,0.975,1.0,0.99936 
0.007287841285671854,0.975,1.0,0.99936 
0.00730377744259209,0.975,1.0,0.99936 
0.007319713599512325,0.975,1.0,0.99937 
0.00733564975643256,0.975,1.0,0.99937 
0.007351585913352796,0.975,1.0,0.99939 
0.007367522070273032,0.975,1.0,0.9994 
0.0073834582271932675,0.975,1.0,0.99942 
0.007399394384113503,0.975,1.0,0.99942 
0.007415330541033739,0.975,1.0,0.99943 
0.007431266697953975,0.975,1.0,0.99944 
0.00744720285487421,0.975,1.0,0.99945 
0.007463139011794445,0.975,1.0,0.99947 
0.007479075168714681,0.975,1.0,0.99949 
0.007495011325634917,0.975,1.0,0.99949 
0.0075109474825551525,0.975,1.0,0.99949 
0.007526883639475388,0.975,1.0,0.9995 
0.007542819796395624,0.975,1.0,0.9995 
0.00755875595331586,0.975,1.0,0.9995 
0.0075746921102360955,0.975,1.0,0.9995 
0.00759062826715633,0.975,1.0,0.99951 
0.007606564424076566,0.975,1.0,0.99952 
0.007622500580996802,0.975,1.0,0.99952 
0.0076384367379170376,0.975,1.0,0.99954 
0.007654372894837273,0.975,1.0,0.99955 
0.007670309051757509,1.0,1.0,0.99955 
0.007686245208677745,1.0,1.0,0.99956 
0.0077021813655979805,1.0,1.0,0.99956 
0.007718117522518216,1.0,1.0,0.99956 
0.007734053679438451,1.0,1.0,0.99956 
0.007749989836358687,1.0,1.0,0.99957 
0.0077659259932789226,1.0,1.0,0.99957 
0.007781862150199158,1.0,1.0,0.99958 
0.007797798307119394,1.0,1.0,0.99958 
0.007813734464039629,1.0,1.0,0.99958 
0.007829670620959866,1.0,1.0,0.99959 
0.0078456067778801,1.0,1.0,0.9996 
0.007861542934800337,1.0,1.0,0.9996 
0.007877479091720572,1.0,1.0,0.9996 
0.007893415248640807,1.0,1.0,0.9996 
0.007909351405561043,1.0,1.0,0.9996 
0.007925287562481278,1.0,1.0,0.9996 
0.007941223719401515,1.0,1.0,0.99962 
0.00795715987632175,1.0,1.0,0.99962 
0.007973096033241986,1.0,1.0,0.99962 
0.007989032190162221,1.0,1.0,0.99962 
0.008004968347082458,1.0,1.0,0.99962 
0.008020904504002693,1.0,1.0,0.99962 
0.008036840660922927,1.0,1.0,0.99965 
0.008052776817843164,1.0,1.0,0.99966 
0.008068712974763399,1.0,1.0,0.99967 
0.008084649131683636,1.0,1.0,0.99967 
0.00810058528860387,1.0,1.0,0.99967 
0.008116521445524107,1.0,1.0,0.99968 
0.008132457602444342,1.0,1.0,0.99969 
0.008148393759364578,1.0,1.0,0.99969 
0.008164329916284813,1.0,1.0,0.99969 
0.008180266073205048,1.0,1.0,0.9997 
0.008196202230125285,1.0,1.0,0.9997 
0.00821213838704552,1.0,1.0,0.9997 
0.008228074543965756,1.0,1.0,0.9997 
0.008244010700885991,1.0,1.0,0.9997 
0.008259946857806228,1.0,1.0,0.9997 
0.008275883014726463,1.0,1.0,0.9997 
0.008291819171646697,1.0,1.0,0.9997 
0.008307755328566934,1.0,1.0,0.9997 
0.008323691485487169,1.0,1.0,0.99971 
0.008339627642407406,1.0,1.0,0.99971 
0.00835556379932764,1.0,1.0,0.99971 
0.008371499956247875,1.0,1.0,0.99972 
0.008387436113168112,1.0,1.0,0.99972 
0.008403372270088347,1.0,1.0,0.99972 
0.008419308427008583,1.0,1.0,0.99972 
0.008435244583928818,1.0,1.0,0.99972 
