x,eeg_cdf,wishart_cdf,t_wishart_cdf 
2.5969397342689945e-05,0.0,0.0,0.0349 
2.704861752789679e-05,0.0,0.0,0.04101 
2.8127837713103638e-05,0.0,0.0,0.04809 
2.9207057898310485e-05,0.025,0.0,0.05549 
3.028627808351733e-05,0.025,0.0,0.06387 
3.136549826872418e-05,0.025,0.0,0.07273 
3.244471845393103e-05,0.025,0.0,0.08153 
3.3523938639137875e-05,0.025,0.0,0.09105 
3.460315882434472e-05,0.025,0.0,0.10112 
3.568237900955157e-05,0.025,0.0,0.11096 
3.6761599194758415e-05,0.05,0.0,0.12166 
3.784081937996526e-05,0.05,0.0,0.1328 
3.892003956517211e-05,0.075,0.0,0.14486 
3.9999259750378956e-05,0.075,0.0,0.1568 
4.10784799355858e-05,0.125,0.0,0.16877 
4.215770012079265e-05,0.125,1e-05,0.18059 
4.3236920305999496e-05,0.175,2e-05,0.19298 
4.431614049120634e-05,0.2,4e-05,0.20519 
4.539536067641319e-05,0.2,9e-05,0.21764 
4.6474580861620036e-05,0.2,0.00023,0.23003 
4.755380104682688e-05,0.25,0.0004,0.24319 
4.863302123203373e-05,0.25,0.0007,0.25587 
4.9712241417240576e-05,0.25,0.00144,0.2685 
5.079146160244742e-05,0.3,0.00223,0.28145 
5.187068178765428e-05,0.325,0.00371,0.29382 
5.294990197286112e-05,0.375,0.00602,0.30624 
5.402912215806797e-05,0.425,0.00937,0.31879 
5.510834234327481e-05,0.425,0.01367,0.33183 
5.6187562528481664e-05,0.45,0.01965,0.34492 
5.7266782713688504e-05,0.475,0.02779,0.35694 
5.834600289889536e-05,0.5,0.03859,0.36891 
5.94252230841022e-05,0.5,0.05203,0.38124 
6.050444326930905e-05,0.5,0.06895,0.3934 
6.158366345451589e-05,0.5,0.08906,0.40501 
6.266288363972274e-05,0.5,0.11323,0.41707 
6.374210382492958e-05,0.5,0.13971,0.42892 
6.482132401013644e-05,0.5,0.17053,0.44048 
6.590054419534328e-05,0.5,0.2057,0.45187 
6.697976438055013e-05,0.5,0.24299,0.46264 
6.805898456575697e-05,0.525,0.28338,0.47335 
6.913820475096382e-05,0.525,0.32545,0.48391 
7.021742493617066e-05,0.525,0.36965,0.49478 
7.129664512137752e-05,0.575,0.41518,0.50565 
7.237586530658436e-05,0.575,0.46186,0.51575 
7.345508549179121e-05,0.575,0.50775,0.52542 
7.453430567699805e-05,0.6,0.55195,0.53557 
7.56135258622049e-05,0.625,0.59504,0.54573 
7.669274604741175e-05,0.625,0.63742,0.55543 
7.77719662326186e-05,0.625,0.67654,0.56528 
7.885118641782545e-05,0.675,0.71364,0.57447 
7.993040660303229e-05,0.675,0.74829,0.5831 
8.100962678823915e-05,0.675,0.78062,0.59201 
8.208884697344599e-05,0.675,0.81012,0.60081 
8.316806715865284e-05,0.675,0.83756,0.60922 
8.424728734385968e-05,0.675,0.8619,0.61708 
8.532650752906653e-05,0.675,0.88242,0.62509 
8.640572771427337e-05,0.7,0.90073,0.63318 
8.748494789948021e-05,0.7,0.91674,0.64095 
8.856416808468707e-05,0.7,0.93001,0.6484 
8.96433882698939e-05,0.7,0.94221,0.65627 
9.072260845510076e-05,0.7,0.95254,0.6637 
9.18018286403076e-05,0.7,0.96081,0.67121 
9.288104882551445e-05,0.7,0.96832,0.67795 
9.39602690107213e-05,0.7,0.97466,0.68492 
9.503948919592815e-05,0.7,0.97955,0.69186 
9.6118709381135e-05,0.7,0.98348,0.69846 
9.719792956634184e-05,0.725,0.98686,0.7052 
9.82771497515487e-05,0.725,0.9895,0.71144 
9.935636993675553e-05,0.725,0.99171,0.718 
0.00010043559012196239,0.75,0.99355,0.72433 
0.00010151481030716923,0.75,0.99502,0.73036 
0.00010259403049237608,0.75,0.99601,0.73609 
0.00010367325067758292,0.75,0.99675,0.74184 
0.00010475247086278977,0.75,0.99741,0.74749 
0.00010583169104799661,0.75,0.99792,0.75278 
0.00010691091123320347,0.75,0.99844,0.75778 
0.00010799013141841031,0.75,0.99875,0.76289 
0.00010906935160361716,0.75,0.9991,0.76752 
0.000110148571788824,0.775,0.99931,0.77229 
0.00011122779197403085,0.775,0.99945,0.7772 
0.0001123070121592377,0.775,0.99959,0.78213 
0.00011338623234444455,0.8,0.9997,0.78659 
0.00011446545252965139,0.8,0.99974,0.79117 
0.00011554467271485824,0.8,0.99981,0.79535 
0.00011662389290006508,0.825,0.99988,0.79962 
0.00011770311308527194,0.825,0.9999,0.80366 
0.00011878233327047878,0.85,0.99994,0.808 
0.00011986155345568563,0.85,0.99995,0.81219 
0.00012094077364089247,0.875,0.99998,0.81612 
0.00012201999382609932,0.9,0.99998,0.82015 
0.00012309921401130618,0.9,0.99998,0.82378 
0.00012417843419651302,0.9,0.99999,0.82735 
0.00012525765438171986,0.9,1.0,0.83116 
0.00012633687456692672,0.9,1.0,0.83437 
0.00012741609475213356,0.9,1.0,0.8376 
0.0001284953149373404,0.9,1.0,0.84107 
0.00012957453512254727,0.9,1.0,0.84438 
0.0001306537553077541,0.9,1.0,0.84747 
0.00013173297549296095,0.9,1.0,0.85029 
0.0001328121956781678,0.9,1.0,0.85361 
0.00013389141586337466,0.9,1.0,0.8566 
0.0001349706360485815,0.9,1.0,0.85938 
0.00013604985623378834,0.9,1.0,0.86229 
0.00013712907641899518,0.9,1.0,0.86483 
0.00013820829660420204,0.9,1.0,0.86726 
0.00013928751678940888,0.9,1.0,0.86976 
0.00014036673697461572,0.9,1.0,0.87216 
0.00014144595715982256,0.9,1.0,0.87456 
0.00014252517734502943,0.9,1.0,0.87712 
0.00014360439753023627,0.9,1.0,0.87946 
0.0001446836177154431,0.9,1.0,0.88176 
0.00014576283790064995,0.9,1.0,0.88422 
0.00014684205808585682,0.9,1.0,0.88645 
0.00014792127827106366,0.9,1.0,0.88872 
0.0001490004984562705,0.9,1.0,0.89088 
0.00015007971864147736,0.9,1.0,0.89301 
0.0001511589388266842,0.9,1.0,0.89504 
0.00015223815901189104,0.9,1.0,0.89699 
0.00015331737919709788,0.9,1.0,0.89911 
0.00015439659938230475,0.9,1.0,0.90098 
0.0001554758195675116,0.9,1.0,0.90275 
0.00015655503975271843,0.9,1.0,0.90476 
0.00015763425993792527,0.9,1.0,0.90655 
0.00015871348012313214,0.9,1.0,0.90833 
0.00015979270030833898,0.9,1.0,0.91011 
0.00016087192049354582,0.9,1.0,0.91208 
0.00016195114067875266,0.9,1.0,0.91384 
0.00016303036086395953,0.9,1.0,0.91536 
0.00016410958104916637,0.9,1.0,0.91717 
0.0001651888012343732,0.9,1.0,0.9187 
0.00016626802141958007,0.9,1.0,0.92042 
0.0001673472416047869,0.925,1.0,0.92195 
0.00016842646178999375,0.925,1.0,0.92344 
0.0001695056819752006,0.925,1.0,0.92501 
0.00017058490216040746,0.925,1.0,0.92657 
0.0001716641223456143,0.925,1.0,0.92815 
0.00017274334253082114,0.925,1.0,0.92936 
0.00017382256271602798,0.925,1.0,0.93061 
0.00017490178290123485,0.925,1.0,0.93187 
0.0001759810030864417,0.925,1.0,0.93309 
0.00017706022327164853,0.925,1.0,0.9344 
0.00017813944345685537,0.925,1.0,0.93561 
0.00017921866364206223,0.925,1.0,0.93702 
0.00018029788382726907,0.925,1.0,0.93823 
0.00018137710401247591,0.925,1.0,0.93958 
0.00018245632419768275,0.925,1.0,0.94072 
0.00018353554438288962,0.925,1.0,0.94173 
0.00018461476456809646,0.925,1.0,0.94271 
0.0001856939847533033,0.925,1.0,0.94369 
0.00018677320493851014,0.925,1.0,0.94454 
0.000187852425123717,0.925,1.0,0.94551 
0.00018893164530892385,0.95,1.0,0.94637 
0.0001900108654941307,0.95,1.0,0.94742 
0.00019109008567933753,0.95,1.0,0.94841 
0.0001921693058645444,0.95,1.0,0.94933 
0.00019324852604975123,0.95,1.0,0.95029 
0.00019432774623495807,0.95,1.0,0.95126 
0.00019540696642016491,0.95,1.0,0.95206 
0.00019648618660537178,0.95,1.0,0.95298 
0.00019756540679057862,0.95,1.0,0.95385 
0.00019864462697578546,0.95,1.0,0.95478 
0.00019972384716099233,0.95,1.0,0.9556 
0.00020080306734619917,0.95,1.0,0.95637 
0.000201882287531406,0.95,1.0,0.95722 
0.00020296150771661285,0.95,1.0,0.95789 
0.00020404072790181972,0.95,1.0,0.95871 
0.00020511994808702656,0.95,1.0,0.95943 
0.0002061991682722334,0.95,1.0,0.96005 
0.00020727838845744024,0.95,1.0,0.96081 
0.0002083576086426471,0.95,1.0,0.96145 
0.00020943682882785394,0.95,1.0,0.96215 
0.00021051604901306078,0.95,1.0,0.96281 
0.00021159526919826762,0.95,1.0,0.96353 
0.0002126744893834745,0.95,1.0,0.96418 
0.00021375370956868133,0.95,1.0,0.96483 
0.00021483292975388817,0.95,1.0,0.96534 
0.000215912149939095,0.95,1.0,0.96588 
0.00021699137012430188,0.95,1.0,0.96635 
0.00021807059030950872,0.95,1.0,0.96692 
0.00021914981049471556,0.95,1.0,0.96753 
0.0002202290306799224,0.95,1.0,0.96807 
0.00022130825086512926,0.975,1.0,0.96872 
0.0002223874710503361,0.975,1.0,0.96919 
0.00022346669123554294,0.975,1.0,0.96975 
0.00022454591142074978,0.975,1.0,0.97024 
0.00022562513160595665,0.975,1.0,0.97068 
0.0002267043517911635,0.975,1.0,0.97136 
0.00022778357197637033,0.975,1.0,0.97178 
0.00022886279216157717,0.975,1.0,0.97225 
0.00022994201234678404,0.975,1.0,0.97285 
0.00023102123253199088,0.975,1.0,0.97329 
0.00023210045271719772,0.975,1.0,0.97381 
0.00023317967290240459,0.975,1.0,0.9743 
0.00023425889308761143,0.975,1.0,0.97472 
0.00023533811327281826,0.975,1.0,0.97515 
0.0002364173334580251,0.975,1.0,0.97551 
0.00023749655364323197,0.975,1.0,0.97601 
0.0002385757738284388,0.975,1.0,0.9764 
0.00023965499401364565,0.975,1.0,0.97669 
0.0002407342141988525,0.975,1.0,0.97707 
0.00024181343438405936,0.975,1.0,0.97745 
0.0002428926545692662,0.975,1.0,0.97782 
0.00024397187475447304,0.975,1.0,0.97815 
0.00024505109493967985,0.975,1.0,0.97844 
0.00024613031512488675,0.975,1.0,0.97871 
0.0002472095353100936,0.975,1.0,0.97909 
0.0002482887554953004,0.975,1.0,0.97955 
0.00024936797568050727,0.975,1.0,0.97979 
0.0002504471958657141,0.975,1.0,0.98019 
0.00025152641605092095,0.975,1.0,0.98044 
0.0002526056362361278,0.975,1.0,0.98067 
0.0002536848564213346,0.975,1.0,0.98096 
0.0002547640766065415,0.975,1.0,0.98122 
0.00025584329679174836,0.975,1.0,0.9815 
0.0002569225169769552,0.975,1.0,0.9818 
0.00025800173716216204,0.975,1.0,0.98203 
0.0002590809573473689,0.975,1.0,0.98225 
0.0002601601775325757,0.975,1.0,0.98254 
0.00026123939771778256,0.975,1.0,0.98278 
0.0002623186179029894,0.975,1.0,0.98304 
0.0002633978380881963,0.975,1.0,0.98331 
0.00026447705827340313,0.975,1.0,0.98373 
0.00026555627845861,0.975,1.0,0.98398 
0.0002666354986438168,0.975,1.0,0.98431 
0.00026771471882902365,0.975,1.0,0.98452 
0.0002687939390142305,0.975,1.0,0.98477 
0.00026987315919943733,0.975,1.0,0.98497 
0.0002709523793846442,0.975,1.0,0.98517 
0.000272031599569851,0.975,1.0,0.98543 
0.0002731108197550579,0.975,1.0,0.98566 
0.00027419003994026475,0.975,1.0,0.9859 
0.0002752692601254716,0.975,1.0,0.98608 
0.00027634848031067843,0.975,1.0,0.98626 
0.00027742770049588527,0.975,1.0,0.98642 
0.0002785069206810921,0.975,1.0,0.98663 
0.00027958614086629895,0.975,1.0,0.98688 
0.0002806653610515058,0.975,1.0,0.98711 
0.0002817445812367127,0.975,1.0,0.98723 
0.0002828238014219195,0.975,1.0,0.98734 
0.00028390302160712636,0.975,1.0,0.98745 
0.0002849822417923332,0.975,1.0,0.98766 
0.00028606146197754004,0.975,1.0,0.98788 
0.0002871406821627469,0.975,1.0,0.98801 
0.0002882199023479537,0.975,1.0,0.98832 
0.00028929912253316056,0.975,1.0,0.98851 
0.00029037834271836746,0.975,1.0,0.98869 
0.0002914575629035743,0.975,1.0,0.98883 
0.00029253678308878114,0.975,1.0,0.98898 
0.000293616003273988,0.975,1.0,0.98907 
0.0002946952234591948,0.975,1.0,0.98926 
0.00029577444364440166,0.975,1.0,0.98941 
0.0002968536638296085,0.975,1.0,0.98958 
0.00029793288401481534,0.975,1.0,0.9897 
0.00029901210420002223,0.975,1.0,0.98984 
0.00030009132438522907,0.975,1.0,0.98992 
0.0003011705445704359,0.975,1.0,0.99006 
0.00030224976475564275,0.975,1.0,0.99019 
0.0003033289849408496,0.975,1.0,0.99032 
0.00030440820512605643,0.975,1.0,0.99046 
0.00030548742531126327,0.975,1.0,0.99058 
0.00030656664549647016,0.975,1.0,0.9907 
0.000307645865681677,0.975,1.0,0.99081 
0.00030872508586688384,0.975,1.0,0.99091 
0.0003098043060520907,0.975,1.0,0.99105 
0.0003108835262372975,0.975,1.0,0.9912 
0.00031196274642250436,0.975,1.0,0.99134 
0.0003130419666077112,0.975,1.0,0.99144 
0.00031412118679291804,0.975,1.0,0.99158 
0.00031520040697812494,0.975,1.0,0.99171 
0.0003162796271633318,0.975,1.0,0.99184 
0.0003173588473485386,0.975,1.0,0.99197 
0.00031843806753374546,0.975,1.0,0.99206 
0.0003195172877189523,0.975,1.0,0.99219 
0.00032059650790415914,0.975,1.0,0.9923 
0.000321675728089366,0.975,1.0,0.99246 
0.0003227549482745728,0.975,1.0,0.99253 
0.0003238341684597797,0.975,1.0,0.99257 
0.00032491338864498655,0.975,1.0,0.99267 
0.0003259926088301934,0.975,1.0,0.99277 
0.00032707182901540023,0.975,1.0,0.99289 
0.00032815104920060707,0.975,1.0,0.99305 
0.0003292302693858139,0.975,1.0,0.99312 
0.00033030948957102075,0.975,1.0,0.9932 
0.0003313887097562276,0.975,1.0,0.99334 
0.0003324679299414345,0.975,1.0,0.99341 
0.0003335471501266413,0.975,1.0,0.99349 
0.00033462637031184817,0.975,1.0,0.99354 
0.000335705590497055,0.975,1.0,0.9936 
0.00033678481068226185,0.975,1.0,0.99369 
0.0003378640308674687,0.975,1.0,0.99379 
0.0003389432510526755,0.975,1.0,0.99384 
0.0003400224712378824,0.975,1.0,0.99391 
0.00034110169142308926,0.975,1.0,0.99402 
0.0003421809116082961,0.975,1.0,0.99418 
0.00034326013179350294,0.975,1.0,0.99426 
0.0003443393519787098,0.975,1.0,0.99436 
0.0003454185721639166,0.975,1.0,0.99444 
0.00034649779234912346,0.975,1.0,0.99454 
0.0003475770125343303,0.975,1.0,0.99461 
0.0003486562327195372,0.975,1.0,0.99469 
0.00034973545290474403,0.975,1.0,0.99477 
0.0003508146730899509,0.975,1.0,0.99483 
0.0003518938932751577,0.975,1.0,0.99491 
0.00035297311346036455,0.975,1.0,0.99496 
0.0003540523336455714,0.975,1.0,0.99502 
0.00035513155383077823,0.975,1.0,0.9951 
0.0003562107740159851,0.975,1.0,0.99515 
0.00035728999420119197,0.975,1.0,0.99521 
0.0003583692143863988,0.975,1.0,0.99529 
0.00035944843457160565,0.975,1.0,0.99538 
0.0003605276547568125,0.975,1.0,0.99543 
0.00036160687494201933,0.975,1.0,0.9955 
0.00036268609512722617,0.975,1.0,0.99552 
0.000363765315312433,0.975,1.0,0.99557 
0.00036484453549763985,0.975,1.0,0.9957 
0.00036592375568284674,0.975,1.0,0.99574 
0.0003670029758680536,0.975,1.0,0.99577 
0.0003680821960532604,0.975,1.0,0.99582 
0.00036916141623846726,0.975,1.0,0.99586 
0.0003702406364236741,0.975,1.0,0.9959 
0.00037131985660888094,0.975,1.0,0.99594 
0.0003723990767940878,0.975,1.0,0.99603 
0.0003734782969792947,0.975,1.0,0.99612 
0.0003745575171645015,0.975,1.0,0.99617 
0.00037563673734970836,0.975,1.0,0.99623 
0.0003767159575349152,0.975,1.0,0.99627 
0.00037779517772012204,0.975,1.0,0.99634 
0.0003788743979053289,0.975,1.0,0.99645 
0.0003799536180905357,0.975,1.0,0.99647 
0.00038103283827574256,0.975,1.0,0.99651 
0.00038211205846094945,0.975,1.0,0.99655 
0.0003831912786461563,0.975,1.0,0.9966 
0.00038427049883136313,0.975,1.0,0.99663 
0.00038534971901656997,0.975,1.0,0.9967 
0.0003864289392017768,0.975,1.0,0.99672 
0.00038750815938698365,0.975,1.0,0.99676 
0.0003885873795721905,0.975,1.0,0.99681 
0.00038966659975739733,0.975,1.0,0.99685 
0.0003907458199426042,0.975,1.0,0.99687 
0.00039182504012781106,0.975,1.0,0.99691 
0.0003929042603130179,0.975,1.0,0.99694 
0.00039398348049822474,0.975,1.0,0.99696 
0.0003950627006834316,0.975,1.0,0.99703 
0.0003961419208686384,0.975,1.0,0.9971 
0.00039722114105384526,0.975,1.0,0.99711 
0.0003983003612390521,0.975,1.0,0.99712 
0.000399379581424259,0.975,1.0,0.99718 
0.00040045880160946584,0.975,1.0,0.99724 
0.0004015380217946727,0.975,1.0,0.99726 
0.0004026172419798795,0.975,1.0,0.99728 
0.00040369646216508636,0.975,1.0,0.99731 
0.0004047756823502932,0.975,1.0,0.99737 
0.00040585490253550004,0.975,1.0,0.99741 
0.00040693412272070693,0.975,1.0,0.99743 
0.00040801334290591377,0.975,1.0,0.99747 
0.0004090925630911206,0.975,1.0,0.99748 
0.00041017178327632745,0.975,1.0,0.99752 
0.0004112510034615343,0.975,1.0,0.99755 
0.00041233022364674113,0.975,1.0,0.9976 
0.00041340944383194797,0.975,1.0,0.99761 
0.0004144886640171548,0.975,1.0,0.99761 
0.0004155678842023617,0.975,1.0,0.99761 
0.00041664710438756855,0.975,1.0,0.99764 
0.0004177263245727754,0.975,1.0,0.99767 
0.0004188055447579822,0.975,1.0,0.99771 
0.00041988476494318907,0.975,1.0,0.99777 
0.0004209639851283959,0.975,1.0,0.99778 
0.00042204320531360275,0.975,1.0,0.99782 
0.0004231224254988096,0.975,1.0,0.99783 
0.0004242016456840165,0.975,1.0,0.99785 
0.0004252808658692233,0.975,1.0,0.99786 
0.00042636008605443016,0.975,1.0,0.99789 
0.000427439306239637,0.975,1.0,0.99791 
0.00042851852642484384,0.975,1.0,0.99794 
0.0004295977466100507,0.975,1.0,0.99799 
0.0004306769667952575,0.975,1.0,0.99803 
0.00043175618698046436,0.975,1.0,0.99807 
0.00043283540716567125,0.975,1.0,0.99808 
0.0004339146273508781,0.975,1.0,0.99808 
0.00043499384753608493,0.975,1.0,0.99808 
0.0004360730677212918,0.975,1.0,0.99812 
0.0004371522879064986,0.975,1.0,0.99814 
0.00043823150809170545,0.975,1.0,0.99816 
0.0004393107282769123,0.975,1.0,0.99817 
0.0004403899484621192,0.975,1.0,0.99818 
0.00044146916864732603,0.975,1.0,0.99823 
0.00044254838883253287,0.975,1.0,0.99825 
0.0004436276090177397,0.975,1.0,0.99827 
0.00044470682920294655,0.975,1.0,0.99827 
0.0004457860493881534,0.975,1.0,0.99828 
0.00044686526957336023,0.975,1.0,0.99828 
0.00044794448975856707,0.975,1.0,0.99832 
0.00044902370994377396,0.975,1.0,0.99833 
0.0004501029301289808,0.975,1.0,0.99836 
0.00045118215031418764,0.975,1.0,0.99839 
0.0004522613704993945,0.975,1.0,0.9984 
0.0004533405906846013,0.975,1.0,0.9984 
0.00045441981086980816,0.975,1.0,0.99841 
0.000455499031055015,0.975,1.0,0.99842 
0.00045657825124022184,0.975,1.0,0.99842 
0.00045765747142542874,0.975,1.0,0.99843 
0.0004587366916106356,0.975,1.0,0.99843 
0.0004598159117958424,0.975,1.0,0.99845 
0.00046089513198104926,0.975,1.0,0.99845 
0.0004619743521662561,0.975,1.0,0.99847 
0.00046305357235146294,0.975,1.0,0.99848 
0.0004641327925366698,0.975,1.0,0.9985 
0.0004652120127218766,0.975,1.0,0.99851 
0.0004662912329070835,0.975,1.0,0.99853 
0.00046737045309229035,0.975,1.0,0.99853 
0.0004684496732774972,0.975,1.0,0.99853 
0.00046952889346270403,0.975,1.0,0.99854 
0.00047060811364791087,0.975,1.0,0.99854 
0.0004716873338331177,0.975,1.0,0.99856 
0.00047276655401832455,0.975,1.0,0.99856 
0.0004738457742035314,0.975,1.0,0.99858 
0.0004749249943887383,0.975,1.0,0.99859 
0.0004760042145739451,0.975,1.0,0.9986 
0.00047708343475915196,0.975,1.0,0.99861 
0.0004781626549443588,0.975,1.0,0.99862 
0.00047924187512956564,0.975,1.0,0.99865 
0.0004803210953147725,0.975,1.0,0.99866 
0.0004814003154999793,0.975,1.0,0.99866 
0.0004824795356851862,0.975,1.0,0.99869 
0.00048355875587039306,0.975,1.0,0.99872 
0.0004846379760555999,0.975,1.0,0.99872 
0.00048571719624080674,0.975,1.0,0.99875 
0.0004867964164260136,0.975,1.0,0.99877 
0.0004878756366112204,0.975,1.0,0.9988 
0.0004889548567964273,0.975,1.0,0.99881 
0.0004900340769816342,0.975,1.0,0.99883 
0.000491113297166841,0.975,1.0,0.99883 
0.0004921925173520478,0.975,1.0,0.99884 
0.0004932717375372547,0.975,1.0,0.99884 
0.0004943509577224615,0.975,1.0,0.99886 
0.0004954301779076684,0.975,1.0,0.99886 
0.0004965093980928752,0.975,1.0,0.99888 
0.000497588618278082,0.975,1.0,0.99888 
0.0004986678384632889,0.975,1.0,0.99889 
0.0004997470586484958,0.975,1.0,0.99889 
0.0005008262788337027,0.975,1.0,0.99891 
0.0005019054990189095,0.975,1.0,0.99893 
0.0005029847192041163,0.975,1.0,0.99895 
0.0005040639393893232,0.975,1.0,0.99895 
0.00050514315957453,0.975,1.0,0.99896 
0.0005062223797597369,0.975,1.0,0.99896 
0.0005073015999449437,0.975,1.0,0.99898 
0.0005083808201301505,0.975,1.0,0.999 
0.0005094600403153574,0.975,1.0,0.99901 
0.0005105392605005642,0.975,1.0,0.99903 
0.0005116184806857711,0.975,1.0,0.99904 
0.0005126977008709779,0.975,1.0,0.99905 
0.0005137769210561847,1.0,1.0,0.99905 
0.0005148561412413916,1.0,1.0,0.99906 
0.0005159353614265984,1.0,1.0,0.99906 
0.0005170145816118053,1.0,1.0,0.99909 
0.0005180938017970121,1.0,1.0,0.9991 
0.0005191730219822189,1.0,1.0,0.99913 
0.0005202522421674259,1.0,1.0,0.99915 
0.0005213314623526327,1.0,1.0,0.99916 
0.0005224106825378396,1.0,1.0,0.99916 
0.0005234899027230464,1.0,1.0,0.99916 
0.0005245691229082532,1.0,1.0,0.99916 
0.0005256483430934601,1.0,1.0,0.99916 
0.0005267275632786669,1.0,1.0,0.99917 
0.0005278067834638738,1.0,1.0,0.99919 
0.0005288860036490806,1.0,1.0,0.99919 
0.0005299652238342874,1.0,1.0,0.99919 
0.0005310444440194943,1.0,1.0,0.9992 
0.0005321236642047011,1.0,1.0,0.9992 
0.000533202884389908,1.0,1.0,0.9992 
0.0005342821045751148,1.0,1.0,0.99921 
0.0005353613247603216,1.0,1.0,0.99921 
0.0005364405449455285,1.0,1.0,0.99921 
0.0005375197651307354,1.0,1.0,0.99921 
0.0005385989853159423,1.0,1.0,0.99921 
0.0005396782055011491,1.0,1.0,0.99921 
0.000540757425686356,1.0,1.0,0.99922 
0.0005418366458715628,1.0,1.0,0.99923 
0.0005429158660567696,1.0,1.0,0.99923 
0.0005439950862419765,1.0,1.0,0.99923 
0.0005450743064271833,1.0,1.0,0.99926 
0.0005461535266123902,1.0,1.0,0.99927 
0.000547232746797597,1.0,1.0,0.99927 
0.0005483119669828038,1.0,1.0,0.99928 
0.0005493911871680107,1.0,1.0,0.99928 
0.0005504704073532175,1.0,1.0,0.99928 
0.0005515496275384244,1.0,1.0,0.99928 
0.0005526288477236312,1.0,1.0,0.99928 
0.0005537080679088381,1.0,1.0,0.99928 
0.000554787288094045,1.0,1.0,0.99929 
0.0005558665082792518,1.0,1.0,0.99929 
0.0005569457284644587,1.0,1.0,0.9993 
0.0005580249486496655,1.0,1.0,0.99933 
0.0005591041688348723,1.0,1.0,0.99933 
0.0005601833890200792,1.0,1.0,0.99934 
0.000561262609205286,1.0,1.0,0.99935 
0.0005623418293904929,1.0,1.0,0.99935 
0.0005634210495756997,1.0,1.0,0.99936 
0.0005645002697609065,1.0,1.0,0.99937 
