x,eeg_cdf,wishart_cdf,t_wishart_cdf 
1.8642404466338543e-05,0.0,0.0,0.01306 
1.9336035963374066e-05,0.0,0.0,0.01565 
2.0029667460409592e-05,0.0,0.0,0.01875 
2.0723298957445115e-05,0.025,0.0,0.02231 
2.1416930454480637e-05,0.025,0.0,0.02613 
2.211056195151616e-05,0.025,0.0,0.03058 
2.2804193448551686e-05,0.025,0.0,0.03482 
2.349782494558721e-05,0.025,0.0,0.03969 
2.419145644262273e-05,0.025,0.0,0.0453 
2.4885087939658258e-05,0.05,0.0,0.0509 
2.557871943669378e-05,0.05,0.0,0.05687 
2.6272350933729303e-05,0.05,0.0,0.06332 
2.696598243076483e-05,0.05,0.0,0.07042 
2.765961392780035e-05,0.05,0.0,0.07706 
2.8353245424835874e-05,0.075,0.0,0.08438 
2.9046876921871397e-05,0.075,0.0,0.09203 
2.974050841890692e-05,0.1,0.0,0.10008 
3.0434139915942446e-05,0.1,0.0,0.10793 
3.112777141297797e-05,0.1,0.0,0.11662 
3.182140291001349e-05,0.1,0.0,0.12562 
3.251503440704902e-05,0.125,0.0,0.13458 
3.3208665904084543e-05,0.15,0.0,0.14344 
3.390229740112006e-05,0.175,0.0,0.15312 
3.459592889815558e-05,0.175,0.0,0.16277 
3.5289560395191115e-05,0.2,1e-05,0.17247 
3.5983191892226634e-05,0.225,4e-05,0.18201 
3.6676823389262153e-05,0.225,5e-05,0.19192 
3.7370454886297686e-05,0.25,0.00013,0.20174 
3.8064086383333206e-05,0.275,0.00023,0.21228 
3.8757717880368725e-05,0.275,0.00033,0.22217 
3.945134937740425e-05,0.3,0.00048,0.2328 
4.014498087443978e-05,0.3,0.00075,0.2432 
4.0838612371475296e-05,0.3,0.00116,0.25263 
4.153224386851082e-05,0.3,0.00181,0.26276 
4.222587536554635e-05,0.3,0.00262,0.27388 
4.291950686258187e-05,0.325,0.00361,0.28376 
4.3613138359617394e-05,0.325,0.00513,0.29414 
4.430676985665292e-05,0.325,0.00728,0.30462 
4.500040135368844e-05,0.325,0.0101,0.31445 
4.5694032850723965e-05,0.325,0.01343,0.32485 
4.638766434775949e-05,0.35,0.01798,0.33512 
4.708129584479501e-05,0.35,0.0236,0.34558 
4.777492734183054e-05,0.35,0.03027,0.35505 
4.846855883886606e-05,0.35,0.03858,0.36535 
4.916219033590158e-05,0.35,0.04824,0.37545 
4.985582183293711e-05,0.35,0.06043,0.38491 
5.054945332997263e-05,0.35,0.07396,0.39475 
5.1243084827008154e-05,0.35,0.09,0.40458 
5.193671632404368e-05,0.4,0.10803,0.41423 
5.26303478210792e-05,0.425,0.12794,0.42393 
5.3323979318114725e-05,0.425,0.15,0.43339 
5.401761081515025e-05,0.425,0.17278,0.44258 
5.471124231218577e-05,0.45,0.19853,0.45168 
5.5404873809221296e-05,0.45,0.226,0.46088 
5.609850530625682e-05,0.5,0.25478,0.46968 
5.679213680329234e-05,0.5,0.28562,0.47887 
5.748576830032787e-05,0.5,0.31878,0.48777 
5.8179399797363394e-05,0.5,0.3517,0.49647 
5.887303129439891e-05,0.525,0.38511,0.50503 
5.956666279143444e-05,0.525,0.41937,0.5139 
6.026029428846996e-05,0.525,0.45434,0.52241 
6.0953925785505485e-05,0.525,0.48895,0.53053 
6.164755728254101e-05,0.525,0.52339,0.5383 
6.234118877957653e-05,0.55,0.55824,0.54584 
6.303482027661205e-05,0.575,0.59179,0.55399 
6.372845177364758e-05,0.575,0.62389,0.56163 
6.44220832706831e-05,0.6,0.65533,0.56926 
6.511571476771862e-05,0.625,0.68578,0.57664 
6.580934626475415e-05,0.65,0.71514,0.58396 
6.650297776178967e-05,0.65,0.74189,0.59108 
6.719660925882519e-05,0.65,0.76639,0.59815 
6.789024075586073e-05,0.65,0.7906,0.60478 
6.858387225289624e-05,0.65,0.81218,0.6117 
6.927750374993176e-05,0.65,0.83253,0.61847 
6.99711352469673e-05,0.675,0.85066,0.62439 
7.066476674400282e-05,0.675,0.86747,0.63104 
7.135839824103834e-05,0.7,0.8827,0.63738 
7.205202973807387e-05,0.7,0.89679,0.64376 
7.274566123510939e-05,0.7,0.90927,0.65004 
7.34392927321449e-05,0.725,0.92072,0.65673 
7.413292422918044e-05,0.725,0.93084,0.6625 
7.482655572621596e-05,0.725,0.94007,0.66822 
7.552018722325148e-05,0.725,0.94835,0.67413 
7.621381872028701e-05,0.75,0.95546,0.67993 
7.690745021732253e-05,0.75,0.96148,0.68554 
7.760108171435805e-05,0.75,0.96706,0.69063 
7.829471321139358e-05,0.75,0.97177,0.69625 
7.89883447084291e-05,0.75,0.97587,0.70187 
7.968197620546462e-05,0.75,0.97971,0.70723 
8.037560770250015e-05,0.75,0.98283,0.71236 
8.106923919953567e-05,0.75,0.98562,0.71741 
8.176287069657119e-05,0.75,0.98779,0.72229 
8.245650219360671e-05,0.75,0.98984,0.72705 
8.315013369064224e-05,0.75,0.99122,0.73174 
8.384376518767776e-05,0.75,0.9928,0.73664 
8.453739668471328e-05,0.75,0.99418,0.74159 
8.523102818174882e-05,0.75,0.99525,0.7462 
8.592465967878434e-05,0.75,0.99624,0.75057 
8.661829117581985e-05,0.75,0.99693,0.7552 
8.731192267285539e-05,0.75,0.99751,0.75959 
8.80055541698909e-05,0.75,0.99797,0.76343 
8.869918566692643e-05,0.775,0.99832,0.76777 
8.939281716396196e-05,0.775,0.99859,0.77152 
9.008644866099748e-05,0.775,0.99887,0.7757 
9.0780080158033e-05,0.775,0.99901,0.77965 
9.147371165506853e-05,0.775,0.99929,0.78348 
9.216734315210405e-05,0.775,0.99938,0.78721 
9.286097464913957e-05,0.775,0.99949,0.79088 
9.35546061461751e-05,0.775,0.99965,0.79421 
9.424823764321062e-05,0.775,0.99968,0.79782 
9.494186914024614e-05,0.775,0.99978,0.80136 
9.563550063728167e-05,0.775,0.99981,0.80463 
9.632913213431719e-05,0.775,0.99984,0.80802 
9.702276363135271e-05,0.775,0.9999,0.81157 
9.771639512838824e-05,0.775,0.99992,0.81492 
9.841002662542376e-05,0.775,0.99995,0.81792 
9.910365812245928e-05,0.775,0.99996,0.82098 
9.97972896194948e-05,0.8,0.99997,0.8241 
0.00010049092111653034,0.8,0.99998,0.82708 
0.00010118455261356585,0.8,0.99998,0.83018 
0.00010187818411060137,0.825,0.99998,0.83332 
0.0001025718156076369,0.825,0.99998,0.83624 
0.00010326544710467243,0.825,0.99999,0.83956 
0.00010395907860170795,0.85,0.99999,0.84274 
0.00010465271009874348,0.85,0.99999,0.84541 
0.000105346341595779,0.85,0.99999,0.84792 
0.00010603997309281452,0.85,0.99999,0.85074 
0.00010673360458985005,0.85,1.0,0.85349 
0.00010742723608688557,0.85,1.0,0.85597 
0.00010812086758392109,0.85,1.0,0.85827 
0.00010881449908095662,0.85,1.0,0.86079 
0.00010950813057799214,0.85,1.0,0.86318 
0.00011020176207502766,0.875,1.0,0.86551 
0.00011089539357206319,0.875,1.0,0.86774 
0.00011158902506909871,0.875,1.0,0.86984 
0.00011228265656613423,0.875,1.0,0.87231 
0.00011297628806316976,0.875,1.0,0.87454 
0.00011366991956020528,0.875,1.0,0.87636 
0.0001143635510572408,0.875,1.0,0.87838 
0.00011505718255427634,0.875,1.0,0.88053 
0.00011575081405131185,0.875,1.0,0.88243 
0.00011644444554834737,0.875,1.0,0.88448 
0.0001171380770453829,0.875,1.0,0.88661 
0.00011783170854241843,0.9,1.0,0.88872 
0.00011852534003945395,0.9,1.0,0.89058 
0.00011921897153648946,0.9,1.0,0.89226 
0.000119912603033525,0.9,1.0,0.89403 
0.00012060623453056052,0.9,1.0,0.89593 
0.00012129986602759604,0.9,1.0,0.89814 
0.00012199349752463157,0.9,1.0,0.90003 
0.0001226871290216671,0.9,1.0,0.90186 
0.00012338076051870262,0.9,1.0,0.90343 
0.00012407439201573813,0.9,1.0,0.90492 
0.00012476802351277366,0.9,1.0,0.90656 
0.0001254616550098092,0.9,1.0,0.90798 
0.0001261552865068447,0.9,1.0,0.90965 
0.00012684891800388023,0.9,1.0,0.91105 
0.00012754254950091576,0.9,1.0,0.91284 
0.00012823618099795127,0.9,1.0,0.91428 
0.0001289298124949868,0.9,1.0,0.91569 
0.00012962344399202234,0.9,1.0,0.91711 
0.00013031707548905784,0.9,1.0,0.91833 
0.00013101070698609337,0.9,1.0,0.91963 
0.0001317043384831289,0.9,1.0,0.92094 
0.0001323979699801644,0.9,1.0,0.92244 
0.00013309160147719995,0.9,1.0,0.92367 
0.00013378523297423548,0.9,1.0,0.92486 
0.00013447886447127098,0.9,1.0,0.9261 
0.00013517249596830652,0.9,1.0,0.92723 
0.00013586612746534205,0.9,1.0,0.92853 
0.00013655975896237756,0.925,1.0,0.92983 
0.0001372533904594131,0.925,1.0,0.93097 
0.00013794702195644862,0.925,1.0,0.93213 
0.00013864065345348413,0.925,1.0,0.93336 
0.00013933428495051966,0.925,1.0,0.93451 
0.0001400279164475552,0.925,1.0,0.93546 
0.0001407215479445907,0.925,1.0,0.93643 
0.00014141517944162623,0.925,1.0,0.93741 
0.00014210881093866176,0.925,1.0,0.93851 
0.00014280244243569727,0.925,1.0,0.93947 
0.0001434960739327328,0.925,1.0,0.94039 
0.0001441897054297683,0.925,1.0,0.9414 
0.00014488333692680384,0.925,1.0,0.94231 
0.00014557696842383937,0.925,1.0,0.94329 
0.00014627059992087488,0.925,1.0,0.94418 
0.0001469642314179104,0.925,1.0,0.94513 
0.00014765786291494595,0.925,1.0,0.9461 
0.00014835149441198145,0.925,1.0,0.94681 
0.00014904512590901698,0.925,1.0,0.94766 
0.00014973875740605252,0.925,1.0,0.94857 
0.00015043238890308802,0.925,1.0,0.94938 
0.00015112602040012356,0.925,1.0,0.95005 
0.0001518196518971591,0.925,1.0,0.95093 
0.0001525132833941946,0.925,1.0,0.95153 
0.00015320691489123013,0.925,1.0,0.95248 
0.00015390054638826566,0.925,1.0,0.95352 
0.00015459417788530117,0.925,1.0,0.95426 
0.0001552878093823367,0.925,1.0,0.95503 
0.00015598144087937223,0.925,1.0,0.95561 
0.00015667507237640774,0.925,1.0,0.95628 
0.00015736870387344327,0.925,1.0,0.95699 
0.0001580623353704788,0.925,1.0,0.95758 
0.0001587559668675143,0.925,1.0,0.95825 
0.00015944959836454984,0.95,1.0,0.95896 
0.00016014322986158537,0.95,1.0,0.9597 
0.00016083686135862088,0.95,1.0,0.96024 
0.0001615304928556564,0.95,1.0,0.96083 
0.00016222412435269195,0.95,1.0,0.96133 
0.00016291775584972745,0.95,1.0,0.9619 
0.00016361138734676298,0.95,1.0,0.96249 
0.00016430501884379852,0.95,1.0,0.96303 
0.00016499865034083402,0.95,1.0,0.9636 
0.00016569228183786956,0.95,1.0,0.96417 
0.0001663859133349051,0.95,1.0,0.96467 
0.0001670795448319406,0.95,1.0,0.96522 
0.00016777317632897613,0.95,1.0,0.96587 
0.00016846680782601166,0.95,1.0,0.96642 
0.00016916043932304717,0.95,1.0,0.96689 
0.0001698540708200827,0.95,1.0,0.96729 
0.00017054770231711823,0.95,1.0,0.96789 
0.00017124133381415374,0.95,1.0,0.96833 
0.00017193496531118927,0.95,1.0,0.96876 
0.0001726285968082248,0.95,1.0,0.9692 
0.0001733222283052603,0.95,1.0,0.96964 
0.00017401585980229584,0.95,1.0,0.97018 
0.00017470949129933137,0.95,1.0,0.97063 
0.00017540312279636688,0.95,1.0,0.97099 
0.0001760967542934024,0.95,1.0,0.97146 
0.00017679038579043795,0.95,1.0,0.97174 
0.00017748401728747345,0.95,1.0,0.97213 
0.00017817764878450898,0.95,1.0,0.97265 
0.0001788712802815445,0.95,1.0,0.97303 
0.00017956491177858002,0.95,1.0,0.97342 
0.00018025854327561556,0.95,1.0,0.97385 
0.00018095217477265106,0.95,1.0,0.97406 
0.0001816458062696866,0.95,1.0,0.97442 
0.00018233943776672213,0.95,1.0,0.97476 
0.00018303306926375763,0.95,1.0,0.97517 
0.00018372670076079317,0.95,1.0,0.97556 
0.0001844203322578287,0.95,1.0,0.9759 
0.0001851139637548642,0.95,1.0,0.97618 
0.00018580759525189974,0.95,1.0,0.97644 
0.00018650122674893527,0.95,1.0,0.97683 
0.00018719485824597078,0.95,1.0,0.9772 
0.0001878884897430063,0.95,1.0,0.97751 
0.00018858212124004184,0.95,1.0,0.97785 
0.00018927575273707735,0.95,1.0,0.97812 
0.00018996938423411288,0.95,1.0,0.97851 
0.0001906630157311484,0.95,1.0,0.9788 
0.00019135664722818392,0.95,1.0,0.97914 
0.00019205027872521945,0.95,1.0,0.97933 
0.00019274391022225498,0.95,1.0,0.97973 
0.0001934375417192905,0.95,1.0,0.98003 
0.00019413117321632602,0.95,1.0,0.98043 
0.00019482480471336156,0.95,1.0,0.98071 
0.00019551843621039706,0.95,1.0,0.98099 
0.0001962120677074326,0.95,1.0,0.98121 
0.00019690569920446813,0.95,1.0,0.98138 
0.00019759933070150363,0.95,1.0,0.98159 
0.00019829296219853917,0.95,1.0,0.98183 
0.0001989865936955747,0.95,1.0,0.98195 
0.0001996802251926102,0.95,1.0,0.98227 
0.00020037385668964574,0.95,1.0,0.98252 
0.00020106748818668127,0.95,1.0,0.98274 
0.00020176111968371678,0.95,1.0,0.98301 
0.0002024547511807523,0.95,1.0,0.98327 
0.00020314838267778784,0.975,1.0,0.98348 
0.00020384201417482335,0.975,1.0,0.98368 
0.00020453564567185888,0.975,1.0,0.98396 
0.0002052292771688944,0.975,1.0,0.9842 
0.00020592290866592992,0.975,1.0,0.98439 
0.00020661654016296545,0.975,1.0,0.98465 
0.00020731017166000098,0.975,1.0,0.98483 
0.0002080038031570365,0.975,1.0,0.985 
0.00020869743465407202,0.975,1.0,0.98524 
0.00020939106615110756,0.975,1.0,0.98546 
0.00021008469764814306,0.975,1.0,0.98567 
0.0002107783291451786,0.975,1.0,0.98588 
0.00021147196064221413,0.975,1.0,0.98603 
0.00021216559213924963,0.975,1.0,0.98624 
0.00021285922363628517,0.975,1.0,0.98639 
0.0002135528551333207,0.975,1.0,0.98661 
0.0002142464866303562,0.975,1.0,0.98673 
0.00021494011812739174,0.975,1.0,0.98696 
0.00021563374962442724,0.975,1.0,0.9871 
0.00021632738112146278,0.975,1.0,0.98726 
0.0002170210126184983,0.975,1.0,0.98746 
0.00021771464411553381,0.975,1.0,0.98761 
0.00021840827561256935,0.975,1.0,0.98775 
0.00021910190710960488,0.975,1.0,0.98793 
0.00021979553860664039,0.975,1.0,0.98813 
0.00022048917010367592,0.975,1.0,0.98826 
0.00022118280160071145,0.975,1.0,0.98839 
0.00022187643309774696,0.975,1.0,0.98847 
0.0002225700645947825,0.975,1.0,0.98862 
0.00022326369609181802,0.975,1.0,0.9888 
0.00022395732758885353,0.975,1.0,0.9889 
0.00022465095908588906,0.975,1.0,0.98904 
0.0002253445905829246,0.975,1.0,0.98918 
0.0002260382220799601,0.975,1.0,0.98931 
0.00022673185357699563,0.975,1.0,0.98951 
0.00022742548507403117,0.975,1.0,0.9896 
0.00022811911657106667,0.975,1.0,0.9897 
0.0002288127480681022,0.975,1.0,0.98983 
0.00022950637956513774,0.975,1.0,0.99002 
0.00023020001106217324,0.975,1.0,0.99013 
0.00023089364255920878,0.975,1.0,0.99026 
0.0002315872740562443,0.975,1.0,0.99032 
0.00023228090555327981,0.975,1.0,0.99047 
0.00023297453705031535,0.975,1.0,0.99062 
0.00023366816854735088,0.975,1.0,0.99069 
0.00023436180004438639,0.975,1.0,0.99081 
0.00023505543154142192,0.975,1.0,0.99098 
0.00023574906303845745,0.975,1.0,0.99104 
0.00023644269453549296,0.975,1.0,0.99112 
0.0002371363260325285,0.975,1.0,0.9912 
0.00023782995752956402,0.975,1.0,0.99129 
0.00023852358902659953,0.975,1.0,0.99143 
0.00023921722052363506,0.975,1.0,0.99155 
0.0002399108520206706,0.975,1.0,0.99173 
0.0002406044835177061,0.975,1.0,0.99183 
0.00024129811501474163,0.975,1.0,0.99189 
0.00024199174651177717,0.975,1.0,0.99199 
0.00024268537800881267,0.975,1.0,0.9921 
0.0002433790095058482,0.975,1.0,0.99218 
0.00024407264100288374,0.975,1.0,0.99231 
0.0002447662724999192,0.975,1.0,0.99241 
0.0002454599039969548,0.975,1.0,0.99248 
0.00024615353549399034,0.975,1.0,0.99256 
0.00024684716699102584,0.975,1.0,0.99262 
0.00024754079848806135,0.975,1.0,0.99273 
0.00024823442998509685,0.975,1.0,0.99281 
0.00024892806148213236,0.975,1.0,0.9929 
0.0002496216929791679,0.975,1.0,0.99297 
0.0002503153244762034,0.975,1.0,0.99303 
0.000251008955973239,0.975,1.0,0.99309 
0.0002517025874702745,0.975,1.0,0.99316 
0.00025239621896731,0.975,1.0,0.99326 
0.0002530898504643455,0.975,1.0,0.99333 
0.00025378348196138106,0.975,1.0,0.99342 
0.00025447711345841657,0.975,1.0,0.99348 
0.00025517074495545213,0.975,1.0,0.99356 
0.00025586437645248763,0.975,1.0,0.99363 
0.00025655800794952314,0.975,1.0,0.99369 
0.00025725163944655864,0.975,1.0,0.99374 
0.0002579452709435942,0.975,1.0,0.99387 
0.0002586389024406297,0.975,1.0,0.99399 
0.00025933253393766527,0.975,1.0,0.99403 
0.0002600261654347008,0.975,1.0,0.99411 
0.0002607197969317363,0.975,1.0,0.99417 
0.0002614134284287718,0.975,1.0,0.99425 
0.00026210705992580735,0.975,1.0,0.99433 
0.00026280069142284285,0.975,1.0,0.99437 
0.0002634943229198784,0.975,1.0,0.99438 
0.0002641879544169139,0.975,1.0,0.99443 
0.0002648815859139494,0.975,1.0,0.99449 
0.000265575217410985,0.975,1.0,0.99453 
0.0002662688489080205,0.975,1.0,0.99458 
0.000266962480405056,0.975,1.0,0.99465 
0.0002676561119020915,0.975,1.0,0.99475 
0.00026834974339912706,0.975,1.0,0.9948 
0.00026904337489616257,0.975,1.0,0.99487 
0.0002697370063931981,0.975,1.0,0.99494 
0.00027043063789023363,0.975,1.0,0.995 
0.00027112426938726914,0.975,1.0,0.99504 
0.00027181790088430465,0.975,1.0,0.99509 
0.0002725115323813402,0.975,1.0,0.99515 
0.0002732051638783757,0.975,1.0,0.99519 
0.0002738987953754112,0.975,1.0,0.99521 
0.0002745924268724468,0.975,1.0,0.9953 
0.0002752860583694823,0.975,1.0,0.99535 
0.0002759796898665178,0.975,1.0,0.99539 
0.00027667332136355335,0.975,1.0,0.99544 
0.00027736695286058885,0.975,1.0,0.99547 
0.00027806058435762436,0.975,1.0,0.99554 
0.0002787542158546599,0.975,1.0,0.99557 
0.0002794478473516954,0.975,1.0,0.99565 
0.00028014147884873093,0.975,1.0,0.99569 
0.0002808351103457665,0.975,1.0,0.99574 
0.000281528741842802,0.975,1.0,0.99578 
0.0002822223733398375,0.975,1.0,0.99588 
0.00028291600483687306,0.975,1.0,0.99597 
0.00028360963633390857,0.975,1.0,0.99602 
0.0002843032678309441,0.975,1.0,0.99609 
0.00028499689932797963,0.975,1.0,0.99612 
0.00028569053082501514,0.975,1.0,0.99618 
0.00028638416232205065,0.975,1.0,0.99625 
0.0002870777938190862,0.975,1.0,0.99628 
0.0002877714253161217,0.975,1.0,0.99632 
0.0002884650568131572,0.975,1.0,0.99635 
0.0002891586883101928,0.975,1.0,0.9964 
0.0002898523198072283,0.975,1.0,0.99647 
0.0002905459513042638,0.975,1.0,0.99651 
0.00029123958280129935,0.975,1.0,0.99655 
0.00029193321429833485,0.975,1.0,0.99657 
0.00029262684579537036,0.975,1.0,0.9966 
0.0002933204772924059,0.975,1.0,0.99664 
0.0002940141087894414,0.975,1.0,0.99668 
0.00029470774028647693,0.975,1.0,0.99671 
0.0002954013717835125,0.975,1.0,0.99678 
0.000296095003280548,0.975,1.0,0.99679 
0.0002967886347775835,0.975,1.0,0.99681 
0.00029748226627461906,0.975,1.0,0.99685 
0.00029817589777165457,0.975,1.0,0.99686 
0.0002988695292686901,0.975,1.0,0.99689 
0.00029956316076572563,0.975,1.0,0.99691 
0.00030025679226276114,0.975,1.0,0.99695 
0.00030095042375979665,0.975,1.0,0.99698 
0.0003016440552568322,0.975,1.0,0.99702 
0.0003023376867538677,0.975,1.0,0.99705 
0.0003030313182509032,0.975,1.0,0.9971 
0.0003037249497479388,0.975,1.0,0.99714 
0.0003044185812449743,0.975,1.0,0.99718 
0.0003051122127420098,0.975,1.0,0.9972 
0.00030580584423904535,0.975,1.0,0.99725 
0.00030649947573608085,0.975,1.0,0.9973 
0.00030719310723311636,0.975,1.0,0.99733 
0.0003078867387301519,0.975,1.0,0.99735 
0.0003085803702271874,0.975,1.0,0.99739 
0.00030927400172422293,0.975,1.0,0.9974 
0.0003099676332212585,0.975,1.0,0.99742 
0.000310661264718294,0.975,1.0,0.99743 
0.0003113548962153295,0.975,1.0,0.99747 
0.00031204852771236506,0.975,1.0,0.99749 
0.00031274215920940057,0.975,1.0,0.99752 
0.0003134357907064361,0.975,1.0,0.99755 
0.00031412942220347163,0.975,1.0,0.99759 
0.00031482305370050714,0.975,1.0,0.9976 
0.00031551668519754265,0.975,1.0,0.99765 
0.0003162103166945782,0.975,1.0,0.99768 
0.0003169039481916137,0.975,1.0,0.99769 
0.0003175975796886492,0.975,1.0,0.99773 
0.0003182912111856848,0.975,1.0,0.99777 
0.0003189848426827203,0.975,1.0,0.99783 
0.0003196784741797558,0.975,1.0,0.99785 
0.00032037210567679135,0.975,1.0,0.9979 
0.00032106573717382685,0.975,1.0,0.99792 
0.00032175936867086236,0.975,1.0,0.99793 
0.0003224530001678979,0.975,1.0,0.99795 
0.0003231466316649334,0.975,1.0,0.99796 
0.00032384026316196893,0.975,1.0,0.99799 
0.0003245338946590045,0.975,1.0,0.99801 
0.00032522752615604,0.975,1.0,0.99802 
0.0003259211576530755,0.975,1.0,0.99804 
0.00032661478915011106,0.975,1.0,0.99807 
0.00032730842064714657,0.975,1.0,0.99808 
0.0003280020521441821,0.975,1.0,0.99808 
0.00032869568364121763,0.975,1.0,0.99809 
0.00032938931513825314,0.975,1.0,0.99811 
0.00033008294663528865,0.975,1.0,0.99814 
0.0003307765781323242,0.975,1.0,0.99815 
0.0003314702096293597,0.975,1.0,0.99816 
0.0003321638411263952,1.0,1.0,0.99817 
0.0003328574726234308,1.0,1.0,0.99821 
0.0003335511041204663,1.0,1.0,0.99822 
0.0003342447356175018,1.0,1.0,0.99822 
0.00033493836711453735,1.0,1.0,0.99822 
0.00033563199861157285,1.0,1.0,0.99823 
0.00033632563010860836,1.0,1.0,0.99823 
0.0003370192616056439,1.0,1.0,0.99824 
0.0003377128931026794,1.0,1.0,0.99828 
0.00033840652459971493,1.0,1.0,0.99836 
0.00033910015609675044,1.0,1.0,0.99839 
0.000339793787593786,1.0,1.0,0.9984 
0.0003404874190908215,1.0,1.0,0.99844 
0.000341181050587857,1.0,1.0,0.99845 
0.00034187468208489257,1.0,1.0,0.99847 
0.0003425683135819281,1.0,1.0,0.99848 
0.0003432619450789636,1.0,1.0,0.9985 
0.00034395557657599914,1.0,1.0,0.99852 
0.00034464920807303465,1.0,1.0,0.99855 
0.00034534283957007015,1.0,1.0,0.99856 
0.0003460364710671057,1.0,1.0,0.99858 
0.0003467301025641412,1.0,1.0,0.9986 
0.0003474237340611767,1.0,1.0,0.99861 
0.0003481173655582123,1.0,1.0,0.99865 
0.0003488109970552478,1.0,1.0,0.99866 
0.0003495046285522833,1.0,1.0,0.99871 
0.00035019826004931885,1.0,1.0,0.99871 
0.00035089189154635436,1.0,1.0,0.99873 
0.00035158552304338987,1.0,1.0,0.99875 
0.0003522791545404254,1.0,1.0,0.99875 
0.00035297278603746093,1.0,1.0,0.99877 
0.00035366641753449644,1.0,1.0,0.99878 
0.000354360049031532,1.0,1.0,0.99879 
0.0003550536805285675,1.0,1.0,0.99881 
0.000355747312025603,1.0,1.0,0.99881 
0.00035644094352263857,1.0,1.0,0.99881 
0.0003571345750196741,1.0,1.0,0.99881 
0.0003578282065167096,1.0,1.0,0.99881 
0.00035852183801374514,1.0,1.0,0.99883 
0.00035921546951078065,1.0,1.0,0.99885 
0.00035990910100781615,1.0,1.0,0.99886 
0.0003606027325048517,1.0,1.0,0.99888 
0.0003612963640018872,1.0,1.0,0.99889 
0.0003619899954989227,1.0,1.0,0.9989 
0.0003626836269959583,1.0,1.0,0.99893 
0.0003633772584929938,1.0,1.0,0.99895 
0.0003640708899900293,1.0,1.0,0.99897 
0.00036476452148706485,1.0,1.0,0.99897 
