x,eeg_cdf,wishart_cdf,t_wishart_cdf 
1.3171506611327407e-05,0.0,0.0,0.01806 
1.3701869718655931e-05,0.0,0.0,0.02155 
1.4232232825984455e-05,0.0,0.0,0.02547 
1.4762595933312978e-05,0.025,0.0,0.03044 
1.52929590406415e-05,0.025,0.0,0.0355 
1.5823322147970024e-05,0.025,0.0,0.04078 
1.6353685255298547e-05,0.05,0.0,0.04629 
1.688404836262707e-05,0.05,0.0,0.05243 
1.7414411469955594e-05,0.05,0.0,0.05926 
1.7944774577284118e-05,0.05,0.0,0.0666 
1.847513768461264e-05,0.05,0.0,0.07402 
1.9005500791941165e-05,0.05,0.0,0.0822 
1.953586389926969e-05,0.075,0.0,0.09083 
2.0066227006598212e-05,0.1,0.0,0.10062 
2.0596590113926736e-05,0.1,0.0,0.1094 
2.112695322125526e-05,0.125,1e-05,0.11892 
2.1657316328583783e-05,0.125,1e-05,0.1283 
2.2187679435912306e-05,0.175,2e-05,0.13854 
2.271804254324083e-05,0.175,4e-05,0.1488 
2.3248405650569354e-05,0.225,6e-05,0.15918 
2.3778768757897877e-05,0.225,9e-05,0.17007 
2.43091318652264e-05,0.225,0.00019,0.18057 
2.4839494972554924e-05,0.225,0.00034,0.19132 
2.5369858079883448e-05,0.25,0.00055,0.20251 
2.590022118721197e-05,0.275,0.00083,0.21303 
2.6430584294540495e-05,0.3,0.0013,0.22376 
2.696094740186902e-05,0.3,0.00206,0.2353 
2.7491310509197542e-05,0.3,0.00305,0.24635 
2.8021673616526066e-05,0.3,0.00431,0.25756 
2.855203672385459e-05,0.3,0.00585,0.26892 
2.9082399831183113e-05,0.3,0.0082,0.28052 
2.9612762938511636e-05,0.3,0.01155,0.29166 
3.014312604584016e-05,0.3,0.01537,0.30274 
3.0673489153168683e-05,0.325,0.02041,0.31415 
3.120385226049721e-05,0.35,0.02669,0.32554 
3.173421536782573e-05,0.35,0.03465,0.3369 
3.2264578475154254e-05,0.375,0.04396,0.34818 
3.279494158248278e-05,0.375,0.0549,0.35973 
3.33253046898113e-05,0.375,0.06745,0.37073 
3.3855667797139825e-05,0.375,0.08164,0.38167 
3.438603090446835e-05,0.4,0.09834,0.39198 
3.491639401179687e-05,0.425,0.11648,0.40245 
3.5446757119125396e-05,0.425,0.13811,0.41296 
3.597712022645392e-05,0.45,0.16203,0.42437 
3.650748333378244e-05,0.45,0.18713,0.43513 
3.7037846441110966e-05,0.45,0.21391,0.44568 
3.756820954843949e-05,0.475,0.24205,0.4564 
3.8098572655768013e-05,0.475,0.27294,0.46609 
3.862893576309653e-05,0.475,0.30531,0.47594 
3.9159298870425054e-05,0.475,0.33925,0.48548 
3.968966197775358e-05,0.5,0.37197,0.49466 
4.02200250850821e-05,0.5,0.40594,0.50368 
4.0750388192410625e-05,0.5,0.44015,0.51339 
4.128075129973915e-05,0.5,0.47555,0.52236 
4.181111440706767e-05,0.525,0.50997,0.53123 
4.2341477514396195e-05,0.525,0.54409,0.53987 
4.287184062172472e-05,0.55,0.57727,0.5488 
4.340220372905324e-05,0.575,0.60957,0.55751 
4.3932566836381766e-05,0.575,0.64111,0.56611 
4.446292994371029e-05,0.625,0.6723,0.57466 
4.499329305103881e-05,0.625,0.70018,0.58302 
4.552365615836734e-05,0.625,0.72743,0.5909 
4.605401926569586e-05,0.625,0.7526,0.59915 
4.6584382373024384e-05,0.625,0.77694,0.60694 
4.711474548035291e-05,0.625,0.79928,0.61446 
4.764510858768143e-05,0.65,0.81987,0.62225 
4.8175471695009954e-05,0.675,0.83915,0.62942 
4.870583480233848e-05,0.675,0.85694,0.63688 
4.9236197909667e-05,0.7,0.87262,0.64417 
4.9766561016995525e-05,0.7,0.88692,0.6509 
5.029692412432405e-05,0.7,0.90068,0.65783 
5.082728723165257e-05,0.7,0.91268,0.66513 
5.1357650338981096e-05,0.7,0.92394,0.6717 
5.188801344630962e-05,0.7,0.93355,0.67803 
5.241837655363814e-05,0.7,0.94212,0.6842 
5.2948739660966667e-05,0.7,0.94937,0.69059 
5.347910276829519e-05,0.7,0.9564,0.69656 
5.4009465875623714e-05,0.725,0.96208,0.70263 
5.453982898295224e-05,0.725,0.96698,0.70829 
5.507019209028076e-05,0.725,0.97164,0.71384 
5.5600555197609284e-05,0.725,0.97573,0.71969 
5.613091830493781e-05,0.75,0.9794,0.7254 
5.666128141226633e-05,0.75,0.98238,0.73113 
5.7191644519594855e-05,0.75,0.98498,0.73692 
5.772200762692338e-05,0.75,0.98722,0.74222 
5.82523707342519e-05,0.75,0.98936,0.74778 
5.8782733841580426e-05,0.75,0.99112,0.75255 
5.931309694890895e-05,0.75,0.99245,0.75728 
5.984346005623747e-05,0.75,0.99369,0.76199 
6.0373823163565997e-05,0.75,0.9947,0.76676 
6.090418627089452e-05,0.75,0.99558,0.77127 
6.143454937822304e-05,0.775,0.99633,0.77592 
6.196491248555157e-05,0.775,0.99695,0.78065 
6.249527559288009e-05,0.775,0.99749,0.78528 
6.302563870020862e-05,0.775,0.99788,0.78914 
6.355600180753714e-05,0.775,0.99822,0.79315 
6.408636491486565e-05,0.775,0.99858,0.79716 
6.461672802219419e-05,0.775,0.99877,0.80138 
6.51470911295227e-05,0.775,0.99898,0.80557 
6.567745423685123e-05,0.775,0.99928,0.80924 
6.620781734417975e-05,0.8,0.99942,0.81317 
6.673818045150828e-05,0.8,0.99951,0.81687 
6.72685435588368e-05,0.8,0.9996,0.82038 
6.779890666616533e-05,0.8,0.99969,0.82392 
6.832926977349384e-05,0.8,0.99976,0.82741 
6.885963288082237e-05,0.8,0.9998,0.83065 
6.938999598815089e-05,0.8,0.99983,0.83406 
6.992035909547942e-05,0.825,0.99985,0.83716 
7.045072220280794e-05,0.825,0.99989,0.84038 
7.098108531013647e-05,0.825,0.99993,0.84371 
7.151144841746498e-05,0.825,0.99993,0.84668 
7.204181152479352e-05,0.825,0.99993,0.84933 
7.257217463212203e-05,0.825,0.99995,0.85206 
7.310253773945056e-05,0.825,0.99997,0.85469 
7.363290084677908e-05,0.825,0.99998,0.85741 
7.416326395410761e-05,0.825,0.99998,0.85999 
7.469362706143613e-05,0.85,0.99998,0.86275 
7.522399016876466e-05,0.85,0.99998,0.86542 
7.575435327609317e-05,0.85,0.99998,0.8679 
7.62847163834217e-05,0.85,0.99999,0.87049 
7.681507949075022e-05,0.85,0.99999,0.87315 
7.734544259807875e-05,0.85,0.99999,0.87558 
7.787580570540727e-05,0.85,1.0,0.87777 
7.84061688127358e-05,0.85,1.0,0.88012 
7.893653192006431e-05,0.85,1.0,0.88249 
7.946689502739285e-05,0.85,1.0,0.88476 
7.999725813472136e-05,0.85,1.0,0.88675 
8.052762124204989e-05,0.85,1.0,0.88882 
8.105798434937841e-05,0.85,1.0,0.89111 
8.158834745670693e-05,0.85,1.0,0.89334 
8.211871056403546e-05,0.85,1.0,0.89546 
8.264907367136397e-05,0.85,1.0,0.89721 
8.31794367786925e-05,0.85,1.0,0.89923 
8.370979988602102e-05,0.875,1.0,0.90085 
8.424016299334955e-05,0.875,1.0,0.90291 
8.477052610067807e-05,0.875,1.0,0.90481 
8.53008892080066e-05,0.875,1.0,0.90671 
8.583125231533511e-05,0.875,1.0,0.90845 
8.636161542266364e-05,0.875,1.0,0.91003 
8.689197852999216e-05,0.875,1.0,0.91163 
8.742234163732069e-05,0.875,1.0,0.91352 
8.795270474464921e-05,0.875,1.0,0.91517 
8.848306785197774e-05,0.875,1.0,0.91673 
8.901343095930626e-05,0.875,1.0,0.91813 
8.954379406663479e-05,0.9,1.0,0.91969 
9.00741571739633e-05,0.9,1.0,0.92142 
9.060452028129183e-05,0.9,1.0,0.92276 
9.113488338862035e-05,0.9,1.0,0.92417 
9.166524649594888e-05,0.9,1.0,0.92555 
9.21956096032774e-05,0.9,1.0,0.92686 
9.272597271060593e-05,0.9,1.0,0.92819 
9.325633581793444e-05,0.9,1.0,0.92948 
9.378669892526297e-05,0.9,1.0,0.93058 
9.431706203259149e-05,0.9,1.0,0.93191 
9.484742513992002e-05,0.9,1.0,0.93327 
9.537778824724854e-05,0.9,1.0,0.93455 
9.590815135457707e-05,0.9,1.0,0.93573 
9.643851446190559e-05,0.9,1.0,0.93682 
9.696887756923412e-05,0.9,1.0,0.938 
9.749924067656263e-05,0.9,1.0,0.93929 
9.802960378389116e-05,0.9,1.0,0.94038 
9.855996689121968e-05,0.9,1.0,0.94157 
9.909032999854821e-05,0.9,1.0,0.94245 
9.962069310587673e-05,0.9,1.0,0.94342 
0.00010015105621320526,0.925,1.0,0.94447 
0.00010068141932053377,0.925,1.0,0.94555 
0.0001012117824278623,0.925,1.0,0.94653 
0.00010174214553519082,0.925,1.0,0.9474 
0.00010227250864251935,0.925,1.0,0.94825 
0.00010280287174984787,0.925,1.0,0.94911 
0.0001033332348571764,0.925,1.0,0.94999 
0.00010386359796450492,0.925,1.0,0.9508 
0.00010439396107183345,0.925,1.0,0.95167 
0.00010492432417916196,0.925,1.0,0.95251 
0.00010545468728649049,0.925,1.0,0.95317 
0.00010598505039381901,0.925,1.0,0.95391 
0.00010651541350114754,0.925,1.0,0.95471 
0.00010704577660847606,0.925,1.0,0.95532 
0.00010757613971580459,0.925,1.0,0.95614 
0.0001081065028231331,0.925,1.0,0.95699 
0.00010863686593046163,0.925,1.0,0.95787 
0.00010916722903779015,0.925,1.0,0.95865 
0.00010969759214511868,0.925,1.0,0.95942 
0.0001102279552524472,0.925,1.0,0.9601 
0.00011075831835977573,0.925,1.0,0.96082 
0.00011128868146710425,0.925,1.0,0.96154 
0.00011181904457443278,0.925,1.0,0.96225 
0.00011234940768176129,0.925,1.0,0.96289 
0.00011287977078908982,0.925,1.0,0.96358 
0.00011341013389641834,0.925,1.0,0.96433 
0.00011394049700374687,0.925,1.0,0.96501 
0.00011447086011107539,0.925,1.0,0.96561 
0.0001150012232184039,0.925,1.0,0.96615 
0.00011553158632573243,0.925,1.0,0.96669 
0.00011606194943306095,0.925,1.0,0.96729 
0.00011659231254038948,0.925,1.0,0.96779 
0.000117122675647718,0.925,1.0,0.96831 
0.00011765303875504653,0.925,1.0,0.96895 
0.00011818340186237505,0.925,1.0,0.96947 
0.00011871376496970358,0.925,1.0,0.97 
0.00011924412807703209,0.925,1.0,0.97057 
0.00011977449118436062,0.925,1.0,0.97108 
0.00012030485429168914,0.925,1.0,0.97157 
0.00012083521739901767,0.925,1.0,0.97201 
0.00012136558050634619,0.925,1.0,0.97233 
0.00012189594361367472,0.925,1.0,0.97279 
0.00012242630672100325,0.925,1.0,0.97311 
0.00012295666982833176,0.925,1.0,0.97349 
0.00012348703293566028,0.925,1.0,0.97383 
0.00012401739604298882,0.925,1.0,0.97423 
0.00012454775915031734,0.925,1.0,0.97458 
0.00012507812225764586,0.925,1.0,0.97506 
0.00012560848536497438,0.925,1.0,0.97552 
0.00012613884847230292,0.95,1.0,0.97589 
0.00012666921157963144,0.95,1.0,0.97624 
0.00012719957468695995,0.95,1.0,0.97656 
0.00012772993779428847,0.95,1.0,0.97688 
0.000128260300901617,0.95,1.0,0.97713 
0.00012879066400894553,0.95,1.0,0.97748 
0.00012932102711627405,0.95,1.0,0.97778 
0.00012985139022360256,0.95,1.0,0.97809 
0.0001303817533309311,0.95,1.0,0.97839 
0.00013091211643825962,0.95,1.0,0.97877 
0.00013144247954558814,0.95,1.0,0.97908 
0.00013197284265291666,0.95,1.0,0.97934 
0.0001325032057602452,0.95,1.0,0.97961 
0.00013303356886757372,0.95,1.0,0.97999 
0.00013356393197490224,0.95,1.0,0.98033 
0.00013409429508223075,0.95,1.0,0.98063 
0.0001346246581895593,0.95,1.0,0.98095 
0.0001351550212968878,0.95,1.0,0.98134 
0.00013568538440421633,0.95,1.0,0.98168 
0.00013621574751154485,0.95,1.0,0.98192 
0.00013674611061887336,0.95,1.0,0.98217 
0.0001372764737262019,0.95,1.0,0.9824 
0.00013780683683353042,0.95,1.0,0.98269 
0.00013833719994085894,0.95,1.0,0.98289 
0.00013886756304818746,0.95,1.0,0.98315 
0.000139397926155516,0.95,1.0,0.98342 
0.00013992828926284452,0.95,1.0,0.98367 
0.00014045865237017304,0.975,1.0,0.98401 
0.00014098901547750155,0.975,1.0,0.98428 
0.0001415193785848301,0.975,1.0,0.98447 
0.0001420497416921586,0.975,1.0,0.98467 
0.00014258010479948713,0.975,1.0,0.98489 
0.00014311046790681565,0.975,1.0,0.98515 
0.0001436408310141442,0.975,1.0,0.98536 
0.0001441711941214727,0.975,1.0,0.9857 
0.00014470155722880122,0.975,1.0,0.98592 
0.00014523192033612974,0.975,1.0,0.98612 
0.00014576228344345828,0.975,1.0,0.98632 
0.0001462926465507868,0.975,1.0,0.98648 
0.00014682300965811532,0.975,1.0,0.98661 
0.00014735337276544383,0.975,1.0,0.98678 
0.00014788373587277238,0.975,1.0,0.98702 
0.0001484140989801009,0.975,1.0,0.98719 
0.0001489444620874294,0.975,1.0,0.98741 
0.00014947482519475793,0.975,1.0,0.98763 
0.00015000518830208645,0.975,1.0,0.98788 
0.000150535551409415,0.975,1.0,0.98807 
0.0001510659145167435,0.975,1.0,0.98831 
0.00015159627762407202,0.975,1.0,0.98842 
0.00015212664073140054,0.975,1.0,0.98853 
0.00015265700383872908,0.975,1.0,0.9887 
0.0001531873669460576,0.975,1.0,0.98891 
0.00015371773005338612,0.975,1.0,0.98903 
0.00015424809316071463,0.975,1.0,0.98921 
0.00015477845626804318,0.975,1.0,0.98937 
0.0001553088193753717,0.975,1.0,0.98954 
0.0001558391824827002,0.975,1.0,0.9897 
0.00015636954559002873,0.975,1.0,0.98985 
0.00015689990869735727,0.975,1.0,0.98993 
0.0001574302718046858,0.975,1.0,0.99007 
0.0001579606349120143,0.975,1.0,0.99024 
0.00015849099801934282,0.975,1.0,0.99038 
0.00015902136112667137,0.975,1.0,0.99046 
0.00015955172423399988,0.975,1.0,0.9906 
0.0001600820873413284,0.975,1.0,0.99078 
0.00016061245044865692,0.975,1.0,0.99089 
0.00016114281355598546,0.975,1.0,0.99101 
0.00016167317666331398,0.975,1.0,0.99105 
0.0001622035397706425,0.975,1.0,0.9912 
0.000162733902877971,0.975,1.0,0.9913 
0.00016326426598529956,0.975,1.0,0.99139 
0.00016379462909262807,0.975,1.0,0.99156 
0.0001643249921999566,0.975,1.0,0.9916 
0.0001648553553072851,0.975,1.0,0.99181 
0.00016538571841461365,0.975,1.0,0.99192 
0.00016591608152194217,0.975,1.0,0.99203 
0.00016644644462927068,0.975,1.0,0.9921 
0.0001669768077365992,0.975,1.0,0.99221 
0.00016750717084392774,0.975,1.0,0.9923 
0.00016803753395125626,0.975,1.0,0.99244 
0.00016856789705858478,0.975,1.0,0.99261 
0.0001690982601659133,0.975,1.0,0.99276 
0.00016962862327324184,0.975,1.0,0.99284 
0.00017015898638057035,0.975,1.0,0.99292 
0.00017068934948789887,0.975,1.0,0.99302 
0.0001712197125952274,0.975,1.0,0.99314 
0.00017175007570255593,0.975,1.0,0.99323 
0.00017228043880988445,0.975,1.0,0.99333 
0.00017281080191721297,0.975,1.0,0.99348 
0.00017334116502454148,0.975,1.0,0.99357 
0.00017387152813187003,0.975,1.0,0.99364 
0.00017440189123919854,0.975,1.0,0.99371 
0.00017493225434652706,0.975,1.0,0.99385 
0.00017546261745385558,0.975,1.0,0.99392 
0.00017599298056118412,0.975,1.0,0.99399 
0.00017652334366851264,0.975,1.0,0.99407 
0.00017705370677584115,0.975,1.0,0.99412 
0.00017758406988316967,0.975,1.0,0.99418 
0.00017811443299049822,0.975,1.0,0.99431 
0.00017864479609782673,0.975,1.0,0.99441 
0.00017917515920515525,0.975,1.0,0.99452 
0.00017970552231248377,0.975,1.0,0.99463 
0.0001802358854198123,0.975,1.0,0.99475 
0.00018076624852714083,0.975,1.0,0.99478 
0.00018129661163446934,0.975,1.0,0.99485 
0.00018182697474179786,0.975,1.0,0.99496 
0.0001823573378491264,0.975,1.0,0.99506 
0.00018288770095645492,0.975,1.0,0.99519 
0.00018341806406378344,0.975,1.0,0.99525 
0.00018394842717111195,0.975,1.0,0.99531 
0.00018447879027844047,0.975,1.0,0.99537 
0.00018500915338576901,0.975,1.0,0.99539 
0.00018553951649309753,0.975,1.0,0.99542 
0.00018606987960042605,0.975,1.0,0.99549 
0.00018660024270775457,0.975,1.0,0.99559 
0.0001871306058150831,0.975,1.0,0.99561 
0.00018766096892241163,0.975,1.0,0.99566 
0.00018819133202974014,0.975,1.0,0.99569 
0.00018872169513706866,0.975,1.0,0.99575 
0.0001892520582443972,0.975,1.0,0.99583 
0.00018978242135172572,0.975,1.0,0.99595 
0.00019031278445905424,0.975,1.0,0.996 
0.00019084314756638275,0.975,1.0,0.99603 
0.0001913735106737113,0.975,1.0,0.99611 
0.00019190387378103981,0.975,1.0,0.99618 
0.00019243423688836833,0.975,1.0,0.99626 
0.00019296459999569685,0.975,1.0,0.99634 
0.0001934949631030254,0.975,1.0,0.99638 
0.0001940253262103539,0.975,1.0,0.99642 
0.00019455568931768243,0.975,1.0,0.99648 
0.00019508605242501094,0.975,1.0,0.99655 
0.00019561641553233949,0.975,1.0,0.99667 
0.000196146778639668,0.975,1.0,0.99667 
0.00019667714174699652,0.975,1.0,0.99668 
0.00019720750485432504,0.975,1.0,0.99677 
0.00019773786796165358,0.975,1.0,0.99684 
0.0001982682310689821,0.975,1.0,0.99688 
0.00019879859417631061,0.975,1.0,0.99693 
0.00019932895728363913,0.975,1.0,0.997 
0.00019985932039096767,0.975,1.0,0.99704 
0.0002003896834982962,0.975,1.0,0.9971 
0.0002009200466056247,0.975,1.0,0.99715 
0.00020145040971295323,0.975,1.0,0.99719 
0.00020198077282028177,0.975,1.0,0.99723 
0.00020251113592761029,0.975,1.0,0.99725 
0.0002030414990349388,0.975,1.0,0.99731 
0.00020357186214226732,0.975,1.0,0.99733 
0.00020410222524959586,0.975,1.0,0.99737 
0.00020463258835692438,0.975,1.0,0.99738 
0.0002051629514642529,0.975,1.0,0.99739 
0.00020569331457158141,0.975,1.0,0.9974 
0.00020622367767890996,0.975,1.0,0.99744 
0.00020675404078623847,0.975,1.0,0.99748 
0.000207284403893567,0.975,1.0,0.99749 
0.0002078147670008955,0.975,1.0,0.99752 
0.00020834513010822405,0.975,1.0,0.99753 
0.00020887549321555257,0.975,1.0,0.99758 
0.00020940585632288109,0.975,1.0,0.99763 
0.0002099362194302096,0.975,1.0,0.99766 
0.00021046658253753815,0.975,1.0,0.99768 
0.00021099694564486666,0.975,1.0,0.9977 
0.00021152730875219518,0.975,1.0,0.9977 
0.0002120576718595237,0.975,1.0,0.99771 
0.00021258803496685224,0.975,1.0,0.99775 
0.00021311839807418076,0.975,1.0,0.99776 
0.00021364876118150927,0.975,1.0,0.9978 
0.0002141791242888378,0.975,1.0,0.99782 
0.00021470948739616633,0.975,1.0,0.99785 
0.00021523985050349485,0.975,1.0,0.99787 
0.00021577021361082337,0.975,1.0,0.99793 
0.00021630057671815189,0.975,1.0,0.99796 
0.0002168309398254804,0.975,1.0,0.99798 
0.00021736130293280895,0.975,1.0,0.99802 
0.00021789166604013746,0.975,1.0,0.99806 
0.00021842202914746598,0.975,1.0,0.99806 
0.0002189523922547945,0.975,1.0,0.99809 
0.00021948275536212304,0.975,1.0,0.99809 
0.00022001311846945156,0.975,1.0,0.99809 
0.00022054348157678007,0.975,1.0,0.99811 
0.0002210738446841086,0.975,1.0,0.99812 
0.00022160420779143713,0.975,1.0,0.99813 
0.00022213457089876565,0.975,1.0,0.99814 
0.00022266493400609417,0.975,1.0,0.99817 
0.00022319529711342268,0.975,1.0,0.99818 
0.00022372566022075123,0.975,1.0,0.99822 
0.00022425602332807975,0.975,1.0,0.99822 
0.00022478638643540826,0.975,1.0,0.99825 
0.00022531674954273678,0.975,1.0,0.99825 
0.00022584711265006532,0.975,1.0,0.99828 
0.00022637747575739384,0.975,1.0,0.99828 
0.00022690783886472236,0.975,1.0,0.99829 
0.00022743820197205087,0.975,1.0,0.9983 
0.00022796856507937942,0.975,1.0,0.99833 
0.00022849892818670793,0.975,1.0,0.99833 
0.00022902929129403645,0.975,1.0,0.99837 
0.00022955965440136497,0.975,1.0,0.99838 
0.0002300900175086935,0.975,1.0,0.99841 
0.00023062038061602203,0.975,1.0,0.99844 
0.00023115074372335054,0.975,1.0,0.99845 
0.00023168110683067906,0.975,1.0,0.99847 
0.0002322114699380076,0.975,1.0,0.99848 
0.00023274183304533612,0.975,1.0,0.99851 
0.00023327219615266464,0.975,1.0,0.99856 
0.00023380255925999316,0.975,1.0,0.99857 
0.0002343329223673217,0.975,1.0,0.99859 
0.00023486328547465022,0.975,1.0,0.99861 
0.00023539364858197873,0.975,1.0,0.99863 
0.00023592401168930725,0.975,1.0,0.99866 
0.0002364543747966358,0.975,1.0,0.99868 
0.0002369847379039643,0.975,1.0,0.99869 
0.00023751510101129283,0.975,1.0,0.9987 
0.00023804546411862134,0.975,1.0,0.9987 
0.0002385758272259499,0.975,1.0,0.99871 
0.0002391061903332784,0.975,1.0,0.99871 
0.00023963655344060692,0.975,1.0,0.99872 
0.00024016691654793544,0.975,1.0,0.99873 
0.00024069727965526398,0.975,1.0,0.99873 
0.0002412276427625925,0.975,1.0,0.99874 
0.00024175800586992102,0.975,1.0,0.99876 
0.00024228836897724953,0.975,1.0,0.99879 
0.00024281873208457808,0.975,1.0,0.99881 
0.0002433490951919066,0.975,1.0,0.99883 
0.0002438794582992351,0.975,1.0,0.99885 
0.00024440982140656365,0.975,1.0,0.99887 
0.0002449401845138922,0.975,1.0,0.99888 
0.0002454705476212207,0.975,1.0,0.99889 
0.00024600091072854923,0.975,1.0,0.99889 
0.0002465312738358777,0.975,1.0,0.9989 
0.00024706163694320627,0.975,1.0,0.99891 
0.0002475920000505348,0.975,1.0,0.99893 
0.0002481223631578633,0.975,1.0,0.99893 
0.00024865272626519184,0.975,1.0,0.99893 
0.0002491830893725204,0.975,1.0,0.99894 
0.0002497134524798489,0.975,1.0,0.99896 
0.0002502438155871774,0.975,1.0,0.99896 
0.0002507741786945059,0.975,1.0,0.99897 
0.00025130454180183445,0.975,1.0,0.99898 
0.000251834904909163,0.975,1.0,0.99899 
0.0002523652680164915,0.975,1.0,0.99899 
0.00025289563112382003,1.0,1.0,0.99901 
0.0002534259942311485,1.0,1.0,0.99901 
0.00025395635733847707,1.0,1.0,0.99902 
0.0002544867204458056,1.0,1.0,0.99905 
0.0002550170835531341,1.0,1.0,0.99905 
0.00025554744666046264,1.0,1.0,0.99906 
0.0002560778097677912,1.0,1.0,0.99908 
0.0002566081728751197,1.0,1.0,0.99909 
0.0002571385359824482,1.0,1.0,0.99911 
0.0002576688990897767,1.0,1.0,0.99912 
0.00025819926219710525,1.0,1.0,0.99916 
0.00025872962530443374,1.0,1.0,0.99917 
0.0002592599884117623,1.0,1.0,0.99919 
0.00025979035151909083,1.0,1.0,0.99919 
0.0002603207146264193,1.0,1.0,0.9992 
0.00026085107773374786,1.0,1.0,0.9992 
0.0002613814408410764,1.0,1.0,0.99921 
0.0002619118039484049,1.0,1.0,0.99922 
0.00026244216705573344,1.0,1.0,0.99922 
0.00026297253016306193,1.0,1.0,0.99923 
0.0002635028932703905,1.0,1.0,0.99924 
0.000264033256377719,1.0,1.0,0.99925 
0.0002645636194850475,1.0,1.0,0.99925 
0.00026509398259237605,1.0,1.0,0.99925 
0.0002656243456997046,1.0,1.0,0.99925 
0.0002661547088070331,1.0,1.0,0.99926 
0.00026668507191436163,1.0,1.0,0.99927 
0.0002672154350216901,1.0,1.0,0.9993 
0.00026774579812901866,1.0,1.0,0.9993 
0.0002682761612363472,1.0,1.0,0.9993 
0.0002688065243436757,1.0,1.0,0.9993 
0.00026933688745100424,1.0,1.0,0.99932 
0.0002698672505583328,1.0,1.0,0.99933 
0.0002703976136656613,1.0,1.0,0.99933 
0.0002709279767729898,1.0,1.0,0.99933 
0.0002714583398803183,1.0,1.0,0.99933 
0.00027198870298764685,1.0,1.0,0.99936 
0.0002725190660949754,1.0,1.0,0.99937 
0.0002730494292023039,1.0,1.0,0.99937 
0.00027357979230963243,1.0,1.0,0.99937 
0.000274110155416961,1.0,1.0,0.99938 
0.00027464051852428946,1.0,1.0,0.99938 
0.000275170881631618,1.0,1.0,0.99939 
0.0002757012447389465,1.0,1.0,0.9994 
0.00027623160784627504,1.0,1.0,0.99941 
0.0002767619709536036,1.0,1.0,0.99941 
0.0002772923340609321,1.0,1.0,0.99941 
0.0002778226971682606,1.0,1.0,0.99941 
