x,eeg_cdf,wishart_cdf,t_wishart_cdf 
1.352488318875467e-05,0.0,0.0,0.00706 
1.4117036333031e-05,0.0,0.0,0.00876 
1.4709189477307333e-05,0.0,0.0,0.01083 
1.5301342621583663e-05,0.025,0.0,0.01332 
1.5893495765859994e-05,0.025,0.0,0.01586 
1.6485648910136324e-05,0.025,0.0,0.01891 
1.7077802054412654e-05,0.05,0.0,0.02206 
1.7669955198688988e-05,0.05,0.0,0.02538 
1.826210834296532e-05,0.05,0.0,0.02945 
1.885426148724165e-05,0.05,0.0,0.03385 
1.944641463151798e-05,0.075,0.0,0.03843 
2.003856777579431e-05,0.1,0.0,0.04321 
2.063072092007064e-05,0.125,0.0,0.04796 
2.122287406434697e-05,0.15,0.0,0.05316 
2.18150272086233e-05,0.15,0.0,0.05931 
2.240718035289963e-05,0.15,0.0,0.06514 
2.2999333497175962e-05,0.15,0.0,0.07121 
2.3591486641452292e-05,0.15,0.0,0.07819 
2.4183639785728623e-05,0.15,0.0,0.08484 
2.4775792930004956e-05,0.15,0.0,0.09192 
2.5367946074281287e-05,0.15,0.0,0.09907 
2.5960099218557617e-05,0.15,0.0,0.10673 
2.655225236283395e-05,0.175,0.0,0.11473 
2.714440550711028e-05,0.2,0.0,0.12264 
2.7736558651386612e-05,0.2,0.0,0.13027 
2.8328711795662942e-05,0.2,0.0,0.13807 
2.8920864939939273e-05,0.2,0.0,0.14655 
2.9513018084215603e-05,0.2,0.0,0.1551 
3.0105171228491933e-05,0.2,1e-05,0.16372 
3.0697324372768264e-05,0.2,1e-05,0.17309 
3.1289477517044594e-05,0.2,1e-05,0.18195 
3.1881630661320925e-05,0.225,2e-05,0.19088 
3.2473783805597255e-05,0.225,4e-05,0.19977 
3.3065936949873585e-05,0.225,4e-05,0.20903 
3.3658090094149916e-05,0.275,8e-05,0.21862 
3.4250243238426246e-05,0.275,0.00011,0.22834 
3.484239638270258e-05,0.275,0.00013,0.23705 
3.5434549526978914e-05,0.3,0.00017,0.24694 
3.6026702671255244e-05,0.325,0.00025,0.25588 
3.6618855815531575e-05,0.325,0.00043,0.26521 
3.7211008959807905e-05,0.325,0.0006,0.27474 
3.7803162104084235e-05,0.325,0.00093,0.28366 
3.8395315248360566e-05,0.35,0.00142,0.29243 
3.8987468392636896e-05,0.35,0.002,0.30219 
3.957962153691323e-05,0.35,0.00283,0.31098 
4.017177468118956e-05,0.35,0.00389,0.32019 
4.076392782546589e-05,0.35,0.00541,0.32926 
4.135608096974222e-05,0.35,0.00732,0.33857 
4.194823411401855e-05,0.35,0.00964,0.34799 
4.254038725829488e-05,0.375,0.01227,0.35691 
4.313254040257121e-05,0.375,0.01595,0.36532 
4.372469354684754e-05,0.375,0.02048,0.37429 
4.431684669112387e-05,0.375,0.02615,0.38315 
4.49089998354002e-05,0.375,0.03306,0.39173 
4.550115297967653e-05,0.375,0.04089,0.40052 
4.609330612395286e-05,0.375,0.05014,0.40867 
4.66854592682292e-05,0.375,0.06134,0.41753 
4.727761241250553e-05,0.375,0.07383,0.4262 
4.786976555678186e-05,0.375,0.08856,0.43476 
4.846191870105819e-05,0.375,0.10474,0.44272 
4.905407184533452e-05,0.375,0.12269,0.45076 
4.964622498961085e-05,0.375,0.1422,0.45882 
5.023837813388718e-05,0.375,0.16393,0.46676 
5.083053127816351e-05,0.375,0.18711,0.47486 
5.142268442243984e-05,0.375,0.21149,0.48235 
5.201483756671617e-05,0.375,0.23822,0.4899 
5.26069907109925e-05,0.375,0.26537,0.49745 
5.319914385526883e-05,0.375,0.29425,0.5043 
5.379129699954516e-05,0.375,0.32429,0.51181 
5.4383450143821494e-05,0.375,0.35477,0.51901 
5.4975603288097824e-05,0.4,0.38571,0.5259 
5.5567756432374154e-05,0.425,0.41884,0.53296 
5.6159909576650485e-05,0.425,0.45068,0.53982 
5.675206272092682e-05,0.425,0.48296,0.54676 
5.734421586520315e-05,0.425,0.51544,0.55354 
5.793636900947948e-05,0.475,0.54779,0.56043 
5.852852215375581e-05,0.5,0.57786,0.56773 
5.9120675298032144e-05,0.5,0.60738,0.57448 
5.9712828442308474e-05,0.5,0.63646,0.58055 
6.0304981586584804e-05,0.525,0.66358,0.58665 
6.0897134730861135e-05,0.55,0.69085,0.59266 
6.148928787513747e-05,0.575,0.71691,0.59907 
6.20814410194138e-05,0.575,0.74138,0.60542 
6.267359416369013e-05,0.575,0.76506,0.61129 
6.326574730796646e-05,0.575,0.78663,0.61719 
6.38579004522428e-05,0.6,0.80732,0.62298 
6.445005359651912e-05,0.6,0.82613,0.62819 
6.504220674079545e-05,0.6,0.84435,0.63402 
6.563435988507179e-05,0.6,0.86096,0.63961 
6.622651302934812e-05,0.625,0.87608,0.64504 
6.681866617362445e-05,0.625,0.89,0.65086 
6.741081931790078e-05,0.625,0.90215,0.65611 
6.800297246217711e-05,0.625,0.914,0.66164 
6.859512560645344e-05,0.625,0.92423,0.66697 
6.918727875072977e-05,0.65,0.93316,0.67223 
6.97794318950061e-05,0.65,0.9413,0.67743 
7.037158503928243e-05,0.65,0.94887,0.68217 
7.096373818355876e-05,0.65,0.9555,0.68671 
7.15558913278351e-05,0.65,0.96108,0.6916 
7.214804447211142e-05,0.675,0.96591,0.69579 
7.274019761638776e-05,0.675,0.97032,0.70061 
7.333235076066408e-05,0.675,0.97454,0.7056 
7.392450390494042e-05,0.675,0.97801,0.71016 
7.451665704921674e-05,0.7,0.98098,0.7144 
7.510881019349308e-05,0.725,0.98376,0.71878 
7.570096333776942e-05,0.725,0.98607,0.7232 
7.629311648204574e-05,0.75,0.98803,0.72726 
7.688526962632208e-05,0.75,0.98962,0.73145 
7.74774227705984e-05,0.75,0.99115,0.7356 
7.806957591487474e-05,0.75,0.99244,0.73951 
7.866172905915106e-05,0.75,0.9937,0.74388 
7.92538822034274e-05,0.75,0.9946,0.74776 
7.984603534770373e-05,0.75,0.99539,0.75119 
8.043818849198006e-05,0.75,0.99611,0.75509 
8.10303416362564e-05,0.75,0.99665,0.75881 
8.162249478053272e-05,0.775,0.99717,0.76231 
8.221464792480906e-05,0.775,0.99749,0.7659 
8.280680106908538e-05,0.775,0.99797,0.76938 
8.339895421336172e-05,0.775,0.99834,0.77285 
8.399110735763804e-05,0.775,0.99861,0.77605 
8.458326050191438e-05,0.775,0.99887,0.77939 
8.51754136461907e-05,0.775,0.99916,0.78253 
8.576756679046704e-05,0.775,0.99925,0.78588 
8.635971993474336e-05,0.775,0.99941,0.78889 
8.69518730790197e-05,0.775,0.99952,0.79251 
8.754402622329602e-05,0.775,0.9996,0.79551 
8.813617936757236e-05,0.775,0.99967,0.79881 
8.872833251184868e-05,0.775,0.99973,0.80163 
8.932048565612502e-05,0.775,0.99976,0.80448 
8.991263880040136e-05,0.775,0.99983,0.80723 
9.050479194467768e-05,0.775,0.99987,0.81007 
9.109694508895402e-05,0.775,0.99988,0.81295 
9.168909823323034e-05,0.775,0.99992,0.81589 
9.228125137750668e-05,0.775,0.99993,0.81859 
9.2873404521783e-05,0.775,0.99996,0.82111 
9.346555766605934e-05,0.775,0.99997,0.82386 
9.405771081033566e-05,0.775,0.99997,0.82651 
9.4649863954612e-05,0.775,0.99998,0.82888 
9.524201709888833e-05,0.775,0.99999,0.83145 
9.583417024316466e-05,0.775,0.99999,0.83388 
9.642632338744099e-05,0.775,0.99999,0.83652 
9.701847653171732e-05,0.775,0.99999,0.83898 
9.761062967599365e-05,0.775,1.0,0.84129 
9.820278282026998e-05,0.775,1.0,0.84382 
9.879493596454631e-05,0.775,1.0,0.84609 
9.938708910882265e-05,0.775,1.0,0.84817 
9.997924225309898e-05,0.775,1.0,0.85014 
0.0001005713953973753,0.775,1.0,0.85209 
0.00010116354854165164,0.775,1.0,0.85443 
0.00010175570168592797,0.8,1.0,0.85633 
0.0001023478548302043,0.8,1.0,0.85831 
0.00010294000797448063,0.8,1.0,0.8605 
0.00010353216111875696,0.8,1.0,0.86217 
0.00010412431426303329,0.8,1.0,0.86434 
0.00010471646740730963,0.8,1.0,0.86657 
0.00010530862055158595,0.825,1.0,0.86849 
0.00010590077369586229,0.825,1.0,0.87056 
0.00010649292684013861,0.825,1.0,0.87225 
0.00010708507998441495,0.825,1.0,0.87404 
0.00010767723312869127,0.825,1.0,0.87586 
0.00010826938627296761,0.825,1.0,0.87763 
0.00010886153941724395,0.825,1.0,0.87936 
0.00010945369256152027,0.825,1.0,0.88125 
0.0001100458457057966,0.825,1.0,0.88301 
0.00011063799885007293,0.85,1.0,0.8847 
0.00011123015199434927,0.85,1.0,0.88649 
0.00011182230513862559,0.85,1.0,0.88815 
0.00011241445828290193,0.85,1.0,0.88988 
0.00011300661142717825,0.85,1.0,0.89136 
0.00011359876457145459,0.85,1.0,0.89282 
0.00011419091771573091,0.85,1.0,0.89429 
0.00011478307086000725,0.85,1.0,0.89581 
0.00011537522400428357,0.85,1.0,0.89732 
0.00011596737714855991,0.875,1.0,0.89881 
0.00011655953029283623,0.875,1.0,0.90032 
0.00011715168343711257,0.875,1.0,0.90164 
0.00011774383658138891,0.875,1.0,0.90291 
0.00011833598972566523,0.875,1.0,0.90432 
0.00011892814286994157,0.875,1.0,0.90559 
0.00011952029601421789,0.875,1.0,0.90697 
0.00012011244915849423,0.875,1.0,0.90832 
0.00012070460230277055,0.875,1.0,0.9094 
0.00012129675544704689,0.875,1.0,0.91042 
0.00012188890859132321,0.875,1.0,0.91161 
0.00012248106173559954,0.875,1.0,0.91297 
0.00012307321487987587,0.875,1.0,0.91417 
0.0001236653680241522,0.875,1.0,0.91528 
0.00012425752116842852,0.875,1.0,0.91658 
0.00012484967431270486,0.875,1.0,0.9176 
0.0001254418274569812,0.875,1.0,0.9187 
0.00012603398060125753,0.875,1.0,0.91975 
0.00012662613374553384,0.875,1.0,0.92097 
0.00012721828688981018,0.875,1.0,0.92183 
0.00012781044003408652,0.875,1.0,0.92274 
0.00012840259317836286,0.875,1.0,0.92381 
0.0001289947463226392,0.875,1.0,0.92486 
0.0001295868994669155,0.875,1.0,0.92592 
0.00013017905261119184,0.875,1.0,0.92695 
0.00013077120575546818,0.875,1.0,0.92789 
0.00013136335889974451,0.875,1.0,0.92875 
0.00013195551204402082,0.875,1.0,0.92955 
0.00013254766518829716,0.875,1.0,0.93052 
0.0001331398183325735,0.875,1.0,0.93149 
0.00013373197147684984,0.875,1.0,0.93227 
0.00013432412462112615,0.875,1.0,0.93313 
0.00013491627776540248,0.875,1.0,0.93402 
0.00013550843090967882,0.9,1.0,0.93487 
0.00013610058405395513,0.9,1.0,0.9357 
0.00013669273719823147,0.925,1.0,0.93659 
0.0001372848903425078,0.925,1.0,0.93737 
0.00013787704348678414,0.925,1.0,0.93817 
0.00013846919663106048,0.925,1.0,0.93892 
0.0001390613497753368,0.925,1.0,0.9397 
0.00013965350291961313,0.925,1.0,0.94043 
0.00014024565606388946,0.925,1.0,0.94117 
0.0001408378092081658,0.925,1.0,0.94191 
0.0001414299623524421,0.925,1.0,0.94266 
0.00014202211549671845,0.925,1.0,0.94339 
0.00014261426864099479,0.925,1.0,0.94407 
0.00014320642178527112,0.925,1.0,0.94475 
0.00014379857492954743,0.925,1.0,0.94551 
0.00014439072807382377,0.925,1.0,0.9461 
0.0001449828812181001,0.925,1.0,0.94663 
0.00014557503436237644,0.925,1.0,0.94733 
0.00014616718750665278,0.925,1.0,0.94794 
0.0001467593406509291,0.925,1.0,0.94845 
0.00014735149379520543,0.925,1.0,0.94914 
0.00014794364693948177,0.925,1.0,0.94985 
0.0001485358000837581,0.925,1.0,0.95045 
0.0001491279532280344,0.925,1.0,0.95107 
0.00014972010637231075,0.925,1.0,0.95174 
0.0001503122595165871,0.925,1.0,0.95236 
0.00015090441266086342,0.925,1.0,0.95291 
0.00015149656580513973,0.925,1.0,0.95359 
0.00015208871894941607,0.925,1.0,0.95409 
0.0001526808720936924,0.925,1.0,0.95455 
0.00015327302523796875,0.925,1.0,0.95521 
0.00015386517838224506,0.925,1.0,0.95565 
0.0001544573315265214,0.925,1.0,0.95623 
0.00015504948467079773,0.95,1.0,0.95677 
0.00015564163781507407,0.95,1.0,0.95728 
0.0001562337909593504,0.95,1.0,0.95768 
0.00015682594410362671,0.95,1.0,0.9582 
0.00015741809724790305,0.95,1.0,0.95868 
0.0001580102503921794,0.95,1.0,0.95928 
0.00015860240353645573,0.95,1.0,0.95983 
0.00015919455668073204,0.95,1.0,0.96041 
0.00015978670982500837,0.95,1.0,0.96109 
0.0001603788629692847,0.95,1.0,0.96158 
0.00016097101611356105,0.95,1.0,0.96197 
0.00016156316925783736,0.95,1.0,0.96236 
0.0001621553224021137,0.95,1.0,0.96282 
0.00016274747554639003,0.95,1.0,0.96333 
0.00016333962869066637,0.95,1.0,0.96375 
0.00016393178183494268,0.95,1.0,0.96416 
0.00016452393497921902,0.95,1.0,0.96457 
0.00016511608812349535,0.95,1.0,0.96507 
0.0001657082412677717,0.95,1.0,0.9655 
0.00016630039441204803,0.95,1.0,0.96587 
0.00016689254755632434,0.95,1.0,0.96635 
0.00016748470070060068,0.95,1.0,0.96666 
0.000168076853844877,0.95,1.0,0.96704 
0.00016866900698915335,0.95,1.0,0.96745 
0.00016926116013342966,0.95,1.0,0.96786 
0.000169853313277706,0.95,1.0,0.96821 
0.00017044546642198233,0.95,1.0,0.96861 
0.00017103761956625867,0.95,1.0,0.96909 
0.00017162977271053498,0.95,1.0,0.96943 
0.00017222192585481132,0.95,1.0,0.96986 
0.00017281407899908766,0.95,1.0,0.97028 
0.000173406232143364,0.95,1.0,0.97064 
0.0001739983852876403,0.95,1.0,0.971 
0.00017459053843191664,0.95,1.0,0.9713 
0.00017518269157619298,0.95,1.0,0.97163 
0.00017577484472046931,0.95,1.0,0.97197 
0.00017636699786474565,0.95,1.0,0.97226 
0.00017695915100902196,0.95,1.0,0.97257 
0.0001775513041532983,0.95,1.0,0.97286 
0.00017814345729757464,0.95,1.0,0.97322 
0.00017873561044185097,0.95,1.0,0.97342 
0.00017932776358612728,0.95,1.0,0.97364 
0.00017991991673040362,0.95,1.0,0.97398 
0.00018051206987467996,0.95,1.0,0.97426 
0.0001811042230189563,0.95,1.0,0.97444 
0.0001816963761632326,0.95,1.0,0.97464 
0.00018228852930750894,0.95,1.0,0.97494 
0.00018288068245178528,0.95,1.0,0.97528 
0.00018347283559606162,0.95,1.0,0.97551 
0.00018406498874033793,0.95,1.0,0.97569 
0.00018465714188461426,0.95,1.0,0.97595 
0.0001852492950288906,0.95,1.0,0.97625 
0.00018584144817316694,0.95,1.0,0.9765 
0.00018643360131744328,0.95,1.0,0.97667 
0.00018702575446171959,0.95,1.0,0.977 
0.00018761790760599592,0.95,1.0,0.97725 
0.00018821006075027226,0.95,1.0,0.9775 
0.0001888022138945486,0.95,1.0,0.97777 
0.0001893943670388249,0.95,1.0,0.97809 
0.00018998652018310124,0.95,1.0,0.9783 
0.00019057867332737758,0.95,1.0,0.97861 
0.00019117082647165392,0.95,1.0,0.97884 
0.00019176297961593023,0.95,1.0,0.97917 
0.00019235513276020657,0.95,1.0,0.97938 
0.0001929472859044829,0.95,1.0,0.9795 
0.00019353943904875924,0.95,1.0,0.97974 
0.00019413159219303558,0.95,1.0,0.98003 
0.0001947237453373119,0.95,1.0,0.98022 
0.00019531589848158822,0.95,1.0,0.98047 
0.00019590805162586456,0.95,1.0,0.9808 
0.0001965002047701409,0.95,1.0,0.98101 
0.0001970923579144172,0.95,1.0,0.98126 
0.00019768451105869355,0.95,1.0,0.98146 
0.00019827666420296988,0.95,1.0,0.98166 
0.00019886881734724622,0.95,1.0,0.9818 
0.00019946097049152253,0.95,1.0,0.98198 
0.00020005312363579887,0.95,1.0,0.98227 
0.0002006452767800752,0.95,1.0,0.98249 
0.00020123742992435154,0.95,1.0,0.98272 
0.00020182958306862785,0.95,1.0,0.98297 
0.0002024217362129042,0.95,1.0,0.98308 
0.00020301388935718053,0.95,1.0,0.98322 
0.00020360604250145686,0.95,1.0,0.98341 
0.0002041981956457332,0.95,1.0,0.98358 
0.0002047903487900095,0.95,1.0,0.98368 
0.00020538250193428585,0.95,1.0,0.98383 
0.00020597465507856219,0.95,1.0,0.98405 
0.00020656680822283852,0.95,1.0,0.98417 
0.00020715896136711483,0.95,1.0,0.98438 
0.00020775111451139117,0.95,1.0,0.9845 
0.0002083432676556675,0.95,1.0,0.98469 
0.00020893542079994384,0.95,1.0,0.9848 
0.00020952757394422015,0.95,1.0,0.98498 
0.0002101197270884965,0.95,1.0,0.98512 
0.00021071188023277283,0.975,1.0,0.98532 
0.00021130403337704917,0.975,1.0,0.98546 
0.00021189618652132548,0.975,1.0,0.98562 
0.0002124883396656018,0.975,1.0,0.98577 
0.00021308049280987815,0.975,1.0,0.98586 
0.0002136726459541545,0.975,1.0,0.98596 
0.00021426479909843083,0.975,1.0,0.98613 
0.00021485695224270714,0.975,1.0,0.98622 
0.00021544910538698347,0.975,1.0,0.98635 
0.0002160412585312598,0.975,1.0,0.98644 
0.00021663341167553615,0.975,1.0,0.98657 
0.00021722556481981246,0.975,1.0,0.98669 
0.0002178177179640888,0.975,1.0,0.98683 
0.00021840987110836513,0.975,1.0,0.98698 
0.00021900202425264147,0.975,1.0,0.98713 
0.00021959417739691778,0.975,1.0,0.98724 
0.00022018633054119412,0.975,1.0,0.98741 
0.00022077848368547045,0.975,1.0,0.98762 
0.0002213706368297468,0.975,1.0,0.98771 
0.00022196278997402313,0.975,1.0,0.98783 
0.00022255494311829944,0.975,1.0,0.98793 
0.00022314709626257577,0.975,1.0,0.98801 
0.0002237392494068521,0.975,1.0,0.9881 
0.00022433140255112845,0.975,1.0,0.98819 
0.00022492355569540476,0.975,1.0,0.98829 
0.0002255157088396811,0.975,1.0,0.98845 
0.00022610786198395743,0.975,1.0,0.98855 
0.00022670001512823377,0.975,1.0,0.98865 
0.00022729216827251008,0.975,1.0,0.98871 
0.00022788432141678642,0.975,1.0,0.98882 
0.00022847647456106275,0.975,1.0,0.98894 
0.0002290686277053391,0.975,1.0,0.98908 
0.0002296607808496154,0.975,1.0,0.98919 
0.00023025293399389174,0.975,1.0,0.98926 
0.00023084508713816808,0.975,1.0,0.98939 
0.00023143724028244441,0.975,1.0,0.98955 
0.00023202939342672075,0.975,1.0,0.98964 
0.00023262154657099706,0.975,1.0,0.98977 
0.0002332136997152734,0.975,1.0,0.98987 
0.00023380585285954974,0.975,1.0,0.98997 
0.00023439800600382607,0.975,1.0,0.99006 
0.00023499015914810238,0.975,1.0,0.99015 
0.00023558231229237872,0.975,1.0,0.99025 
0.00023617446543665506,0.975,1.0,0.99037 
0.0002367666185809314,0.975,1.0,0.99044 
0.0002373587717252077,0.975,1.0,0.99055 
0.00023795092486948404,0.975,1.0,0.99071 
0.00023854307801376038,0.975,1.0,0.9908 
0.00023913523115803672,0.975,1.0,0.99085 
0.00023972738430231303,0.975,1.0,0.99096 
0.00024031953744658936,0.975,1.0,0.99103 
0.0002409116905908657,0.975,1.0,0.99112 
0.00024150384373514204,0.975,1.0,0.99122 
0.00024209599687941837,0.975,1.0,0.99136 
0.00024268815002369468,0.975,1.0,0.99142 
0.00024328030316797102,0.975,1.0,0.99149 
0.00024387245631224736,0.975,1.0,0.99157 
0.0002444646094565237,0.975,1.0,0.99168 
0.0002450567626008,0.975,1.0,0.99177 
0.00024564891574507634,0.975,1.0,0.99185 
0.0002462410688893527,0.975,1.0,0.99196 
0.000246833222033629,0.975,1.0,0.99203 
0.00024742537517790535,0.975,1.0,0.99214 
0.0002480175283221817,0.975,1.0,0.99226 
0.00024860968146645803,0.975,1.0,0.99238 
0.00024920183461073437,0.975,1.0,0.99244 
0.00024979398775501065,0.975,1.0,0.99248 
0.000250386140899287,0.975,1.0,0.99256 
0.0002509782940435633,0.975,1.0,0.99261 
0.00025157044718783966,0.975,1.0,0.99266 
0.000252162600332116,0.975,1.0,0.99273 
0.00025275475347639234,0.975,1.0,0.99277 
0.00025334690662066867,0.975,1.0,0.9928 
0.000253939059764945,0.975,1.0,0.99285 
0.00025453121290922135,0.975,1.0,0.99292 
0.00025512336605349763,0.975,1.0,0.99296 
0.00025571551919777397,0.975,1.0,0.99305 
0.0002563076723420503,0.975,1.0,0.9931 
0.00025689982548632664,0.975,1.0,0.9932 
0.000257491978630603,0.975,1.0,0.99325 
0.0002580841317748793,0.975,1.0,0.99337 
0.0002586762849191556,0.975,1.0,0.99341 
0.00025926843806343194,0.975,1.0,0.99344 
0.0002598605912077083,0.975,1.0,0.99349 
0.0002604527443519846,0.975,1.0,0.99357 
0.00026104489749626095,0.975,1.0,0.99362 
0.0002616370506405373,0.975,1.0,0.99371 
0.0002622292037848136,0.975,1.0,0.99376 
0.00026282135692908996,0.975,1.0,0.9938 
0.0002634135100733663,0.975,1.0,0.99387 
0.0002640056632176426,0.975,1.0,0.99396 
0.0002645978163619189,0.975,1.0,0.994 
0.00026518996950619525,0.975,1.0,0.99405 
0.0002657821226504716,0.975,1.0,0.99412 
0.00026637427579474793,0.975,1.0,0.99416 
0.00026696642893902427,0.975,1.0,0.99419 
0.0002675585820833006,0.975,1.0,0.99423 
0.00026815073522757694,0.975,1.0,0.99432 
0.0002687428883718532,0.975,1.0,0.99436 
0.00026933504151612956,0.975,1.0,0.99444 
0.0002699271946604059,0.975,1.0,0.99446 
0.00027051934780468223,0.975,1.0,0.9945 
0.00027111150094895857,0.975,1.0,0.99457 
0.0002717036540932349,0.975,1.0,0.99462 
0.00027229580723751125,0.975,1.0,0.99469 
0.0002728879603817876,0.975,1.0,0.99472 
0.0002734801135260639,0.975,1.0,0.99474 
0.0002740722666703402,0.975,1.0,0.9948 
0.00027466441981461654,0.975,1.0,0.99488 
0.0002752565729588929,0.975,1.0,0.99488 
0.0002758487261031692,0.975,1.0,0.99494 
0.00027644087924744555,0.975,1.0,0.99499 
0.0002770330323917219,0.975,1.0,0.99502 
0.0002776251855359982,0.975,1.0,0.99505 
0.00027821733868027456,0.975,1.0,0.99513 
0.0002788094918245509,0.975,1.0,0.99516 
0.0002794016449688272,0.975,1.0,0.99518 
0.0002799937981131035,0.975,1.0,0.99522 
0.00028058595125737986,0.975,1.0,0.99526 
0.0002811781044016562,1.0,1.0,0.9953 
0.00028177025754593253,1.0,1.0,0.99533 
0.00028236241069020887,1.0,1.0,0.99537 
0.0002829545638344852,1.0,1.0,0.99541 
0.00028354671697876154,1.0,1.0,0.99543 
0.0002841388701230378,1.0,1.0,0.99552 
0.00028473102326731416,1.0,1.0,0.99555 
0.0002853231764115905,1.0,1.0,0.99561 
0.00028591532955586684,1.0,1.0,0.99564 
0.0002865074827001432,1.0,1.0,0.99569 
0.0002870996358444195,1.0,1.0,0.99578 
0.00028769178898869585,1.0,1.0,0.99581 
0.0002882839421329722,1.0,1.0,0.99586 
0.0002888760952772485,1.0,1.0,0.99592 
0.0002894682484215248,1.0,1.0,0.99595 
0.00029006040156580114,1.0,1.0,0.99601 
0.0002906525547100775,1.0,1.0,0.99603 
0.0002912447078543538,1.0,1.0,0.99605 
0.00029183686099863016,1.0,1.0,0.9961 
0.0002924290141429065,1.0,1.0,0.99611 
0.00029302116728718283,1.0,1.0,0.99614 
0.00029361332043145917,1.0,1.0,0.99618 
0.00029420547357573545,1.0,1.0,0.99624 
0.0002947976267200118,1.0,1.0,0.99628 
0.0002953897798642881,1.0,1.0,0.99629 
0.00029598193300856446,1.0,1.0,0.99633 
0.0002965740861528408,1.0,1.0,0.99635 
0.00029716623929711714,1.0,1.0,0.99639 
0.0002977583924413935,1.0,1.0,0.99641 
0.0002983505455856698,1.0,1.0,0.99643 
0.00029894269872994615,1.0,1.0,0.99644 
0.00029953485187422243,1.0,1.0,0.99646 
0.00030012700501849877,1.0,1.0,0.99649 
0.0003007191581627751,1.0,1.0,0.99651 
0.00030131131130705144,1.0,1.0,0.99655 
0.0003019034644513278,1.0,1.0,0.99658 
0.0003024956175956041,1.0,1.0,0.99662 
0.00030308777073988045,1.0,1.0,0.99663 
0.0003036799238841568,1.0,1.0,0.99664 
0.0003042720770284331,1.0,1.0,0.99666 
0.0003048642301727094,1.0,1.0,0.99669 
0.00030545638331698575,1.0,1.0,0.99672 
0.0003060485364612621,1.0,1.0,0.99674 
0.0003066406896055384,1.0,1.0,0.99677 
0.00030723284274981476,1.0,1.0,0.99683 
0.0003078249958940911,1.0,1.0,0.99685 
0.00030841714903836743,1.0,1.0,0.99692 
0.00030900930218264377,1.0,1.0,0.99694 
