x,eeg_cdf,wishart_cdf,t_wishart_cdf 
0.0011102815393089222,0.0,0.0,0.01854 
0.0011300628983300664,0.0,0.0,0.02095 
0.0011498442573512106,0.0,0.0,0.0235 
0.0011696256163723545,0.0,0.0,0.02654 
0.0011894069753934987,0.0,0.0,0.02954 
0.0012091883344146428,0.0,0.0,0.03244 
0.001228969693435787,0.0,0.0,0.03568 
0.001248751052456931,0.025,0.0,0.03902 
0.001268532411478075,0.025,0.0,0.043 
0.0012883137704992192,0.025,0.0,0.04701 
0.0013080951295203634,0.025,0.0,0.05156 
0.0013278764885415073,0.025,0.0,0.05591 
0.0013476578475626515,0.025,0.0,0.06071 
0.0013674392065837957,0.025,0.0,0.06612 
0.0013872205656049398,0.025,0.0,0.07141 
0.0014070019246260838,0.025,0.0,0.07685 
0.001426783283647228,0.025,0.0,0.08232 
0.001446564642668372,0.025,0.0,0.08818 
0.0014663460016895162,0.025,0.0,0.09458 
0.0014861273607106604,0.025,0.0,0.1011 
0.0015059087197318043,0.05,0.0,0.10732 
0.0015256900787529485,0.05,0.0,0.11397 
0.0015454714377740927,0.075,0.0,0.1205 
0.0015652527967952366,0.075,0.0,0.12809 
0.001585034155816381,0.075,1e-05,0.13546 
0.001604815514837525,0.1,1e-05,0.14288 
0.001624596873858669,0.1,2e-05,0.15049 
0.0016443782328798132,0.1,4e-05,0.15823 
0.0016641595919009572,0.1,8e-05,0.16634 
0.0016839409509221014,0.1,0.00011,0.17442 
0.0017037223099432455,0.125,0.00014,0.1832 
0.0017235036689643895,0.175,0.0002,0.19132 
0.0017432850279855338,0.175,0.00028,0.19998 
0.0017630663870066778,0.175,0.00047,0.20834 
0.001782847746027822,0.2,0.0006,0.21712 
0.001802629105048966,0.225,0.00095,0.22583 
0.00182241046407011,0.275,0.00129,0.23444 
0.0018421918230912544,0.3,0.0018,0.24273 
0.0018619731821123984,0.3,0.00249,0.25171 
0.0018817545411335425,0.35,0.00342,0.26075 
0.0019015359001546867,0.35,0.00473,0.26946 
0.0019213172591758306,0.375,0.00606,0.27862 
0.0019410986181969748,0.4,0.00804,0.28814 
0.001960879977218119,0.4,0.01079,0.29708 
0.001980661336239263,0.4,0.014,0.30593 
0.0020004426952604073,0.4,0.01791,0.31498 
0.002020224054281551,0.425,0.02277,0.32406 
0.002040005413302695,0.425,0.02888,0.33355 
0.0020597867723238395,0.425,0.03585,0.34314 
0.0020795681313449835,0.425,0.0442,0.35252 
0.0020993494903661274,0.45,0.054,0.36134 
0.0021191308493872718,0.475,0.06511,0.37107 
0.002138912208408416,0.5,0.07783,0.38049 
0.00215869356742956,0.5,0.09261,0.38933 
0.002178474926450704,0.5,0.10821,0.39871 
0.0021982562854718484,0.5,0.12668,0.40781 
0.0022180376444929924,0.525,0.1466,0.41716 
0.0022378190035141363,0.525,0.16721,0.42635 
0.0022576003625352807,0.525,0.19023,0.43497 
0.0022773817215564246,0.525,0.21462,0.44336 
0.0022971630805775686,0.525,0.24141,0.45237 
0.002316944439598713,0.525,0.26842,0.46152 
0.002336725798619857,0.525,0.29738,0.47018 
0.002356507157641001,0.525,0.32717,0.47862 
0.002376288516662145,0.525,0.3582,0.48727 
0.0023960698756832896,0.525,0.39,0.49519 
0.0024158512347044335,0.525,0.42327,0.50359 
0.0024356325937255775,0.525,0.4563,0.51163 
0.002455413952746722,0.525,0.4887,0.51944 
0.0024751953117678658,0.525,0.52134,0.52791 
0.0024949766707890097,0.525,0.5534,0.53603 
0.002514758029810154,0.575,0.58423,0.54383 
0.002534539388831298,0.6,0.61484,0.55235 
0.002554320747852442,0.6,0.6451,0.55999 
0.0025741021068735864,0.625,0.67331,0.56741 
0.0025938834658947303,0.625,0.70111,0.57491 
0.0026136648249158742,0.625,0.72758,0.58249 
0.0026334461839370186,0.625,0.75313,0.58981 
0.002653227542958163,0.625,0.77705,0.59719 
0.0026730089019793065,0.625,0.79958,0.60444 
0.002692790261000451,0.65,0.82001,0.6119 
0.0027125716200215953,0.65,0.83955,0.61868 
0.002732352979042739,0.675,0.85626,0.62553 
0.002752134338063883,0.675,0.8723,0.63251 
0.0027719156970850275,0.675,0.88711,0.63911 
0.0027916970561061715,0.7,0.90034,0.64551 
0.0028114784151273154,0.7,0.91262,0.652 
0.0028312597741484598,0.7,0.92354,0.65829 
0.0028510411331696037,0.7,0.9334,0.66488 
0.0028708224921907477,0.7,0.94219,0.67159 
0.002890603851211892,0.7,0.94972,0.67788 
0.0029103852102330364,0.7,0.95687,0.68349 
0.00293016656925418,0.7,0.96279,0.6896 
0.0029499479282753243,0.7,0.96779,0.69521 
0.0029697292872964687,0.7,0.97254,0.70081 
0.0029895106463176126,0.7,0.97636,0.70659 
0.0030092920053387566,0.7,0.98011,0.71241 
0.003029073364359901,0.7,0.98324,0.71786 
0.003048854723381045,0.7,0.98587,0.72327 
0.003068636082402189,0.7,0.98813,0.7286 
0.003088417441423333,0.7,0.98997,0.73344 
0.0031081988004444776,0.7,0.99176,0.73868 
0.003127980159465621,0.7,0.99323,0.74377 
0.0031477615184867655,0.725,0.9943,0.74872 
0.00316754287750791,0.725,0.99539,0.75354 
0.0031873242365290533,0.75,0.99616,0.75848 
0.0032071055955501977,0.8,0.99692,0.76327 
0.003226886954571342,0.8,0.99736,0.76803 
0.0032466683135924856,0.8,0.99784,0.77263 
0.00326644967261363,0.8,0.99833,0.7769 
0.0032862310316347744,0.825,0.99864,0.78133 
0.003306012390655918,0.825,0.99882,0.78602 
0.0033257937496770622,0.85,0.99904,0.79016 
0.0033455751086982066,0.85,0.99921,0.79419 
0.003365356467719351,0.85,0.99935,0.798 
0.0033851378267404945,0.875,0.99947,0.8019 
0.003404919185761639,0.875,0.99955,0.80594 
0.0034247005447827833,0.875,0.99963,0.81002 
0.0034444819038039268,0.875,0.99969,0.81376 
0.003464263262825071,0.875,0.99976,0.81774 
0.0034840446218462155,0.875,0.99983,0.8213 
0.003503825980867359,0.875,0.99988,0.82472 
0.0035236073398885034,0.875,0.99989,0.82808 
0.003543388698909648,0.875,0.99991,0.83135 
0.0035631700579307913,0.875,0.99993,0.83482 
0.0035829514169519357,0.875,0.99994,0.83859 
0.00360273277597308,0.875,0.99996,0.84174 
0.0036225141349942244,0.9,0.99997,0.84489 
0.003642295494015368,0.9,0.99997,0.84795 
0.0036620768530365123,0.9,0.99997,0.85139 
0.0036818582120576567,0.9,0.99998,0.85438 
0.0037016395710788,0.9,0.99998,0.85707 
0.0037214209300999446,0.9,0.99998,0.85988 
0.003741202289121089,0.9,0.99998,0.86258 
0.0037609836481422325,0.9,0.99999,0.86538 
0.003780765007163377,0.9,0.99999,0.86813 
0.003800546366184521,0.9,1.0,0.87105 
0.0038203277252056647,0.9,1.0,0.87345 
0.003840109084226809,0.9,1.0,0.87567 
0.0038598904432479535,0.9,1.0,0.87819 
0.003879671802269098,0.9,1.0,0.88059 
0.0038994531612902414,0.9,1.0,0.88272 
0.003919234520311386,0.9,1.0,0.88486 
0.00393901587933253,0.9,1.0,0.88721 
0.003958797238353674,0.9,1.0,0.88966 
0.003978578597374818,0.9,1.0,0.89196 
0.003998359956395962,0.9,1.0,0.89412 
0.004018141315417106,0.9,1.0,0.89618 
0.00403792267443825,0.9,1.0,0.89824 
0.004057704033459395,0.9,1.0,0.89999 
0.004077485392480538,0.9,1.0,0.9019 
0.0040972667515016825,0.9,1.0,0.90388 
0.004117048110522827,0.9,1.0,0.90557 
0.004136829469543971,0.9,1.0,0.90747 
0.004156610828565115,0.9,1.0,0.90937 
0.004176392187586259,0.9,1.0,0.91106 
0.0041961735466074035,0.9,1.0,0.91301 
0.004215954905628547,0.9,1.0,0.9149 
0.004235736264649691,0.9,1.0,0.9168 
0.004255517623670836,0.9,1.0,0.91859 
0.004275298982691979,0.9,1.0,0.9204 
0.004295080341713124,0.9,1.0,0.92207 
0.004314861700734268,0.925,1.0,0.9236 
0.0043346430597554116,0.925,1.0,0.92531 
0.004354424418776556,0.925,1.0,0.927 
0.0043742057777977,0.925,1.0,0.92853 
0.004393987136818845,0.925,1.0,0.93013 
0.004413768495839988,0.925,1.0,0.93137 
0.004433549854861133,0.925,1.0,0.93293 
0.004453331213882277,0.925,1.0,0.93417 
0.0044731125729034205,0.95,1.0,0.93535 
0.004492893931924565,0.95,1.0,0.93667 
0.004512675290945709,0.95,1.0,0.93781 
0.004532456649966853,0.95,1.0,0.93892 
0.004552238008987997,0.95,1.0,0.94015 
0.0045720193680091415,0.95,1.0,0.9413 
0.004591800727030285,0.95,1.0,0.94273 
0.004611582086051429,0.95,1.0,0.94398 
0.004631363445072574,0.95,1.0,0.94526 
0.004651144804093718,0.95,1.0,0.94634 
0.004670926163114862,0.95,1.0,0.94742 
0.004690707522136006,0.95,1.0,0.94858 
0.00471048888115715,0.95,1.0,0.94964 
0.004730270240178294,0.95,1.0,0.95062 
0.004750051599199438,0.95,1.0,0.9515 
0.004769832958220583,0.95,1.0,0.95238 
0.004789614317241726,0.95,1.0,0.95337 
0.0048093956762628705,0.95,1.0,0.9542 
0.004829177035284015,0.95,1.0,0.955 
0.004848958394305158,0.95,1.0,0.95582 
0.004868739753326303,0.95,1.0,0.95669 
0.004888521112347447,0.95,1.0,0.9577 
0.0049083024713685915,0.95,1.0,0.95871 
0.004928083830389735,0.95,1.0,0.95964 
0.004947865189410879,0.95,1.0,0.96042 
0.004967646548432024,0.95,1.0,0.9612 
0.004987427907453167,0.95,1.0,0.96198 
0.005007209266474312,0.95,1.0,0.96271 
0.005026990625495456,0.95,1.0,0.96337 
0.0050467719845166,0.95,1.0,0.9642 
0.005066553343537744,0.95,1.0,0.96479 
0.005086334702558888,0.95,1.0,0.96546 
0.005106116061580033,0.95,1.0,0.96597 
0.005125897420601176,0.95,1.0,0.96658 
0.005145678779622321,0.95,1.0,0.96717 
0.005165460138643465,0.95,1.0,0.96779 
0.0051852414976646085,0.95,1.0,0.96844 
0.005205022856685753,0.95,1.0,0.96892 
0.005224804215706897,0.95,1.0,0.96956 
0.005244585574728042,0.95,1.0,0.97013 
0.005264366933749185,0.95,1.0,0.97071 
0.0052841482927703295,0.95,1.0,0.97143 
0.005303929651791474,0.95,1.0,0.97192 
0.005323711010812617,0.95,1.0,0.97244 
0.005343492369833762,0.95,1.0,0.97287 
0.005363273728854906,0.95,1.0,0.97336 
0.00538305508787605,0.95,1.0,0.97385 
0.005402836446897194,0.95,1.0,0.97429 
0.005422617805918338,0.95,1.0,0.97473 
0.005442399164939482,0.95,1.0,0.97522 
0.005462180523960626,0.95,1.0,0.97571 
0.005481961882981771,0.975,1.0,0.97616 
0.005501743242002914,0.975,1.0,0.97662 
0.0055215246010240585,0.975,1.0,0.97699 
0.005541305960045203,0.975,1.0,0.97738 
0.005561087319066347,0.975,1.0,0.97787 
0.005580868678087491,0.975,1.0,0.97824 
0.005600650037108635,0.975,1.0,0.97862 
0.0056204313961297795,0.975,1.0,0.97897 
0.005640212755150923,0.975,1.0,0.97931 
0.005659994114172067,0.975,1.0,0.97961 
0.005679775473193212,0.975,1.0,0.98004 
0.005699556832214355,0.975,1.0,0.98037 
0.0057193381912355,0.975,1.0,0.98096 
0.005739119550256644,0.975,1.0,0.98138 
0.005758900909277788,0.975,1.0,0.98181 
0.005778682268298932,0.975,1.0,0.98211 
0.005798463627320076,0.975,1.0,0.98235 
0.005818244986341221,0.975,1.0,0.98266 
0.005838026345362364,0.975,1.0,0.98296 
0.005857807704383509,0.975,1.0,0.98328 
0.005877589063404653,0.975,1.0,0.98355 
0.0058973704224257965,0.975,1.0,0.98392 
0.005917151781446941,0.975,1.0,0.9842 
0.005936933140468085,0.975,1.0,0.98453 
0.005956714499489229,0.975,1.0,0.98484 
0.005976495858510373,0.975,1.0,0.98514 
0.0059962772175315175,0.975,1.0,0.98535 
0.006016058576552661,0.975,1.0,0.98563 
0.006035839935573805,0.975,1.0,0.98584 
0.00605562129459495,0.975,1.0,0.98624 
0.006075402653616094,0.975,1.0,0.9865 
0.006095184012637238,0.975,1.0,0.98672 
0.006114965371658382,0.975,1.0,0.98696 
0.006134746730679526,0.975,1.0,0.98714 
0.00615452808970067,0.975,1.0,0.98729 
0.006174309448721814,0.975,1.0,0.98758 
0.006194090807742959,0.975,1.0,0.98777 
0.006213872166764102,0.975,1.0,0.98797 
0.0062336535257852465,0.975,1.0,0.98822 
0.006253434884806391,0.975,1.0,0.98845 
0.006273216243827534,0.975,1.0,0.98869 
0.006292997602848679,0.975,1.0,0.98883 
0.006312778961869823,0.975,1.0,0.98901 
0.0063325603208909675,0.975,1.0,0.9892 
0.006352341679912111,0.975,1.0,0.98942 
0.006372123038933255,0.975,1.0,0.98962 
0.0063919043979544,0.975,1.0,0.98975 
0.006411685756975543,0.975,1.0,0.98991 
0.006431467115996688,0.975,1.0,0.99007 
0.006451248475017832,0.975,1.0,0.99025 
0.006471029834038976,0.975,1.0,0.99039 
0.00649081119306012,0.975,1.0,0.99059 
0.006510592552081264,0.975,1.0,0.99074 
0.006530373911102408,0.975,1.0,0.99089 
0.006550155270123552,0.975,1.0,0.99105 
0.006569936629144697,0.975,1.0,0.99125 
0.006589717988165841,0.975,1.0,0.99142 
0.0066094993471869845,0.975,1.0,0.9916 
0.006629280706208129,0.975,1.0,0.99175 
0.006649062065229273,0.975,1.0,0.99193 
0.006668843424250417,0.975,1.0,0.99211 
0.006688624783271561,0.975,1.0,0.99235 
0.0067084061422927055,0.975,1.0,0.99248 
0.006728187501313849,0.975,1.0,0.99268 
0.006747968860334993,0.975,1.0,0.99275 
0.006767750219356138,0.975,1.0,0.99288 
0.006787531578377281,0.975,1.0,0.99301 
0.006807312937398426,0.975,1.0,0.99311 
0.00682709429641957,0.975,1.0,0.99324 
0.006846875655440714,0.975,1.0,0.99342 
0.006866657014461858,0.975,1.0,0.99357 
0.006886438373483002,0.975,1.0,0.99366 
0.006906219732504147,0.975,1.0,0.99377 
0.00692600109152529,0.975,1.0,0.99393 
0.0069457824505464345,0.975,1.0,0.99407 
0.006965563809567579,0.975,1.0,0.99414 
0.006985345168588722,0.975,1.0,0.9942 
0.007005126527609867,0.975,1.0,0.99429 
0.007024907886631011,0.975,1.0,0.99445 
0.007044689245652155,0.975,1.0,0.99454 
0.007064470604673299,0.975,1.0,0.9946 
0.007084251963694443,0.975,1.0,0.99469 
0.007104033322715587,0.975,1.0,0.99477 
0.007123814681736731,0.975,1.0,0.99485 
0.007143596040757876,0.975,1.0,0.99497 
0.00716337739977902,0.975,1.0,0.99504 
0.007183158758800164,0.975,1.0,0.99512 
0.007202940117821308,0.975,1.0,0.99519 
0.007222721476842452,0.975,1.0,0.99523 
0.007242502835863596,0.975,1.0,0.99528 
0.00726228419488474,0.975,1.0,0.99537 
0.007282065553905885,0.975,1.0,0.99542 
0.007301846912927028,0.975,1.0,0.99546 
0.0073216282719481725,0.975,1.0,0.99558 
0.007341409630969317,0.975,1.0,0.9956 
0.00736119098999046,0.975,1.0,0.99569 
0.007380972349011605,0.975,1.0,0.99575 
0.007400753708032749,0.975,1.0,0.99584 
0.0074205350670538935,0.975,1.0,0.99592 
0.007440316426075037,0.975,1.0,0.99598 
0.007460097785096181,0.975,1.0,0.99603 
0.007479879144117326,0.975,1.0,0.99608 
0.007499660503138469,0.975,1.0,0.99616 
0.007519441862159614,0.975,1.0,0.99618 
0.007539223221180758,0.975,1.0,0.99623 
0.0075590045802019015,0.975,1.0,0.99627 
0.007578785939223046,0.975,1.0,0.99636 
0.00759856729824419,0.975,1.0,0.99646 
0.007618348657265334,0.975,1.0,0.9965 
0.007638130016286478,0.975,1.0,0.99655 
0.0076579113753076225,0.975,1.0,0.99658 
0.007677692734328767,0.975,1.0,0.99665 
0.00769747409334991,0.975,1.0,0.99672 
0.007717255452371055,0.975,1.0,0.99679 
0.007737036811392199,0.975,1.0,0.99689 
0.007756818170413343,0.975,1.0,0.99694 
0.007776599529434487,0.975,1.0,0.99705 
0.0077963808884556314,0.975,1.0,0.99708 
0.007816162247476775,0.975,1.0,0.9971 
0.00783594360649792,0.975,1.0,0.99712 
0.007855724965519064,0.975,1.0,0.99715 
0.007875506324540206,0.975,1.0,0.9972 
0.00789528768356135,0.975,1.0,0.99725 
0.007915069042582495,0.975,1.0,0.99729 
0.00793485040160364,0.975,1.0,0.99733 
0.007954631760624784,0.975,1.0,0.99738 
0.007974413119645928,0.975,1.0,0.9974 
0.007994194478667073,0.975,1.0,0.99747 
0.008013975837688215,0.975,1.0,0.99748 
0.00803375719670936,0.975,1.0,0.99754 
0.008053538555730504,0.975,1.0,0.99759 
0.008073319914751648,0.975,1.0,0.99766 
0.008093101273772793,0.975,1.0,0.9977 
0.008112882632793937,0.975,1.0,0.99775 
0.00813266399181508,0.975,1.0,0.99779 
0.008152445350836224,0.975,1.0,0.99781 
0.008172226709857369,0.975,1.0,0.99781 
0.008192008068878513,0.975,1.0,0.99788 
0.008211789427899657,0.975,1.0,0.99792 
0.008231570786920802,0.975,1.0,0.99798 
0.008251352145941946,0.975,1.0,0.99804 
0.008271133504963089,0.975,1.0,0.99809 
0.008290914863984233,0.975,1.0,0.9981 
0.008310696223005377,0.975,1.0,0.99815 
0.008330477582026522,0.975,1.0,0.99817 
0.008350258941047666,0.975,1.0,0.99819 
0.00837004030006881,0.975,1.0,0.99821 
0.008389821659089953,0.975,1.0,0.99823 
0.008409603018111098,0.975,1.0,0.99828 
0.008429384377132242,0.975,1.0,0.99831 
0.008449165736153386,0.975,1.0,0.99832 
0.00846894709517453,0.975,1.0,0.99836 
0.008488728454195675,0.975,1.0,0.9984 
0.00850850981321682,0.975,1.0,0.99841 
0.008528291172237962,0.975,1.0,0.99846 
0.008548072531259106,0.975,1.0,0.99848 
0.00856785389028025,0.975,1.0,0.99848 
0.008587635249301395,0.975,1.0,0.99851 
0.00860741660832254,0.975,1.0,0.99854 
0.008627197967343684,0.975,1.0,0.99857 
0.008646979326364827,0.975,1.0,0.9986 
0.008666760685385971,0.975,1.0,0.99861 
0.008686542044407115,0.975,1.0,0.99864 
0.00870632340342826,0.975,1.0,0.99866 
0.008726104762449404,0.975,1.0,0.99866 
0.008745886121470548,0.975,1.0,0.99867 
0.008765667480491693,0.975,1.0,0.99871 
0.008785448839512836,0.975,1.0,0.99871 
0.00880523019853398,0.975,1.0,0.99876 
0.008825011557555124,0.975,1.0,0.99878 
0.008844792916576269,0.975,1.0,0.9988 
0.008864574275597413,0.975,1.0,0.99882 
0.008884355634618557,0.975,1.0,0.99882 
0.0089041369936397,0.975,1.0,0.99882 
0.008923918352660844,0.975,1.0,0.99884 
0.008943699711681989,0.975,1.0,0.99884 
0.008963481070703133,0.975,1.0,0.99885 
0.008983262429724278,0.975,1.0,0.99887 
0.00900304378874542,0.975,1.0,0.99887 
0.009022825147766565,0.975,1.0,0.99892 
0.009042606506787709,0.975,1.0,0.99894 
0.009062387865808853,0.975,1.0,0.99895 
0.009082169224829998,0.975,1.0,0.99896 
0.009101950583851142,0.975,1.0,0.99897 
0.009121731942872286,0.975,1.0,0.99899 
0.009141513301893429,0.975,1.0,0.999 
0.009161294660914573,0.975,1.0,0.99901 
0.009181076019935718,0.975,1.0,0.99903 
0.009200857378956862,0.975,1.0,0.99903 
0.009220638737978007,0.975,1.0,0.99904 
0.009240420096999151,0.975,1.0,0.99905 
0.009260201456020294,0.975,1.0,0.99909 
0.009279982815041438,0.975,1.0,0.99911 
0.009299764174062582,0.975,1.0,0.99914 
0.009319545533083727,0.975,1.0,0.99916 
0.009339326892104871,0.975,1.0,0.99916 
0.009359108251126015,0.975,1.0,0.99916 
0.00937888961014716,0.975,1.0,0.99916 
0.009398670969168302,0.975,1.0,0.99918 
0.009418452328189447,0.975,1.0,0.99918 
0.009438233687210591,0.975,1.0,0.99919 
0.009458015046231736,0.975,1.0,0.9992 
0.00947779640525288,0.975,1.0,0.99922 
0.009497577764274024,0.975,1.0,0.99922 
0.009517359123295167,0.975,1.0,0.99922 
0.009537140482316311,0.975,1.0,0.99925 
0.009556921841337456,0.975,1.0,0.99928 
0.0095767032003586,0.975,1.0,0.99929 
0.009596484559379745,0.975,1.0,0.9993 
0.009616265918400889,0.975,1.0,0.9993 
0.009636047277422032,0.975,1.0,0.99932 
0.009655828636443176,0.975,1.0,0.99932 
0.00967560999546432,0.975,1.0,0.99933 
0.009695391354485465,0.975,1.0,0.99934 
0.009715172713506609,0.975,1.0,0.99939 
0.009734954072527753,0.975,1.0,0.99939 
0.009754735431548898,0.975,1.0,0.9994 
0.00977451679057004,0.975,1.0,0.99941 
0.009794298149591185,0.975,1.0,0.99941 
0.00981407950861233,0.975,1.0,0.99941 
0.009833860867633474,0.975,1.0,0.99942 
0.009853642226654618,0.975,1.0,0.99943 
0.009873423585675762,0.975,1.0,0.99944 
0.009893204944696905,0.975,1.0,0.99944 
0.00991298630371805,0.975,1.0,0.99944 
0.009932767662739194,0.975,1.0,0.99945 
0.009952549021760338,0.975,1.0,0.99945 
0.009972330380781482,0.975,1.0,0.99946 
0.009992111739802627,1.0,1.0,0.99946 
0.010011893098823771,1.0,1.0,0.99946 
0.010031674457844914,1.0,1.0,0.99946 
0.010051455816866058,1.0,1.0,0.99947 
0.010071237175887203,1.0,1.0,0.99947 
0.010091018534908347,1.0,1.0,0.99947 
0.010110799893929491,1.0,1.0,0.99947 
0.010130581252950636,1.0,1.0,0.99947 
0.010150362611971778,1.0,1.0,0.99947 
0.010170143970992923,1.0,1.0,0.9995 
0.010189925330014067,1.0,1.0,0.9995 
0.010209706689035212,1.0,1.0,0.9995 
0.010229488048056356,1.0,1.0,0.99952 
0.0102492694070775,1.0,1.0,0.99952 
0.010269050766098645,1.0,1.0,0.99952 
0.010288832125119787,1.0,1.0,0.99952 
0.010308613484140932,1.0,1.0,0.99953 
0.010328394843162076,1.0,1.0,0.99954 
0.01034817620218322,1.0,1.0,0.99955 
0.010367957561204365,1.0,1.0,0.99955 
0.01038773892022551,1.0,1.0,0.99957 
0.010407520279246652,1.0,1.0,0.99957 
0.010427301638267796,1.0,1.0,0.99959 
0.01044708299728894,1.0,1.0,0.99959 
0.010466864356310085,1.0,1.0,0.99959 
0.01048664571533123,1.0,1.0,0.9996 
0.010506427074352374,1.0,1.0,0.9996 
0.010526208433373518,1.0,1.0,0.9996 
0.01054598979239466,1.0,1.0,0.9996 
0.010565771151415805,1.0,1.0,0.99961 
0.01058555251043695,1.0,1.0,0.99961 
0.010605333869458094,1.0,1.0,0.99961 
0.010625115228479238,1.0,1.0,0.99962 
0.010644896587500383,1.0,1.0,0.99964 
0.010664677946521525,1.0,1.0,0.99965 
0.01068445930554267,1.0,1.0,0.99965 
0.010704240664563814,1.0,1.0,0.99965 
0.010724022023584958,1.0,1.0,0.99965 
0.010743803382606103,1.0,1.0,0.99965 
0.010763584741627247,1.0,1.0,0.99968 
0.010783366100648391,1.0,1.0,0.99969 
0.010803147459669534,1.0,1.0,0.99969 
0.010822928818690679,1.0,1.0,0.99969 
0.010842710177711823,1.0,1.0,0.99969 
0.010862491536732967,1.0,1.0,0.9997 
0.010882272895754112,1.0,1.0,0.9997 
0.010902054254775256,1.0,1.0,0.99972 
0.010921835613796399,1.0,1.0,0.99972 
0.010941616972817543,1.0,1.0,0.99973 
0.010961398331838687,1.0,1.0,0.99973 
0.010981179690859832,1.0,1.0,0.99973 
