x,eeg_cdf,wishart_cdf,t_wishart_cdf 
0.0561263024293162,0.0,0.0,0.00033 
0.05653711277534853,0.0,0.0,0.00041 
0.05694792312138086,0.0,0.0,0.00045 
0.0573587334674132,0.0,0.0,0.00053 
0.05776954381344553,0.0,0.0,0.00063 
0.058180354159477865,0.0,0.0,0.00075 
0.0585911645055102,0.0,0.0,0.00084 
0.05900197485154253,0.0,0.0,0.00096 
0.05941278519757487,0.0,0.0,0.0011 
0.0598235955436072,0.0,0.0,0.00123 
0.06023440588963953,0.0,0.0,0.0014 
0.060645216235671866,0.0,0.0,0.00156 
0.0610560265817042,0.0,0.0,0.00188 
0.06146683692773654,0.0,0.0,0.00207 
0.06187764727376887,0.0,0.0,0.00225 
0.0622884576198012,0.0,0.0,0.00248 
0.06269926796583354,0.025,0.0,0.00273 
0.06311007831186587,0.025,0.0,0.00304 
0.0635208886578982,0.025,0.0,0.00335 
0.06393169900393053,0.025,0.0,0.00384 
0.06434250934996287,0.025,0.0,0.00439 
0.06475331969599521,0.05,0.0,0.00483 
0.06516413004202753,0.05,0.0,0.00522 
0.06557494038805987,0.05,0.0,0.00562 
0.0659857507340922,0.05,0.0,0.0062 
0.06639656108012454,0.05,0.0,0.00679 
0.06680737142615686,0.05,0.0,0.00739 
0.0672181817721892,0.05,0.0,0.00809 
0.06762899211822154,0.05,0.0,0.00889 
0.06803980246425387,0.05,0.0,0.0098 
0.06845061281028621,0.05,0.0,0.01051 
0.06886142315631855,0.075,0.0,0.01147 
0.06927223350235087,0.075,0.0,0.01259 
0.06968304384838321,0.075,0.0,0.01347 
0.07009385419441554,0.075,0.0,0.01452 
0.07050466454044788,0.1,0.0,0.01569 
0.0709154748864802,0.1,0.0,0.01686 
0.07132628523251254,0.1,0.0,0.01829 
0.07173709557854488,0.1,0.0,0.01952 
0.0721479059245772,0.1,0.0,0.02107 
0.07255871627060954,0.1,0.0,0.02232 
0.07296952661664188,0.125,0.0,0.02369 
0.07338033696267421,0.125,0.0,0.02547 
0.07379114730870655,0.125,0.0,0.02727 
0.07420195765473887,0.125,0.0,0.0292 
0.07461276800077121,0.125,0.0,0.03122 
0.07502357834680354,0.15,0.0,0.03326 
0.07543438869283588,0.15,0.0,0.03561 
0.07584519903886822,0.15,0.0,0.03791 
0.07625600938490054,0.15,0.0,0.0403 
0.07666681973093288,0.15,0.0,0.04297 
0.07707763007696522,0.15,0.0,0.0456 
0.07748844042299755,0.15,0.0,0.04806 
0.07789925076902988,0.15,0.0,0.0506 
0.07831006111506221,0.15,0.0,0.0535 
0.07872087146109455,0.15,0.0,0.05671 
0.07913168180712687,0.15,0.0,0.05991 
0.07954249215315921,0.175,0.0,0.06319 
0.07995330249919155,0.2,0.0,0.06653 
0.08036411284522388,0.2,0.0,0.06991 
0.08077492319125622,0.2,0.0,0.07364 
0.08118573353728856,0.2,0.0,0.07736 
0.08159654388332088,0.2,0.0,0.08071 
0.08200735422935322,0.2,0.0,0.08448 
0.08241816457538555,0.2,0.0,0.08872 
0.08282897492141789,0.2,0.0,0.09305 
0.08323978526745021,0.2,0.0,0.09739 
0.08365059561348255,0.2,0.0,0.1017 
0.08406140595951489,0.2,0.0,0.10597 
0.08447221630554722,0.2,0.0,0.11076 
0.08488302665157955,0.2,0.0,0.11579 
0.0852938369976119,0.2,0.0,0.12028 
0.08570464734364422,0.225,0.0,0.125 
0.08611545768967656,0.225,0.0,0.12991 
0.08652626803570888,0.225,0.0,0.13497 
0.08693707838174122,0.225,0.0,0.14029 
0.08734788872777355,0.225,0.0,0.14555 
0.08775869907380589,0.225,0.0,0.15072 
0.08816950941983823,0.225,0.0,0.15583 
0.08858031976587055,0.225,0.0,0.16169 
0.08899113011190289,0.225,0.0,0.1673 
0.08940194045793523,0.225,0.0,0.17304 
0.08981275080396756,0.225,0.0,0.17922 
0.09022356114999988,0.25,1e-05,0.18534 
0.09063437149603222,0.275,1e-05,0.19141 
0.09104518184206456,0.275,2e-05,0.19767 
0.09145599218809689,0.3,3e-05,0.20391 
0.09186680253412922,0.3,4e-05,0.21014 
0.09227761288016156,0.3,5e-05,0.21622 
0.09268842322619389,0.325,6e-05,0.22261 
0.09309923357222623,0.325,9e-05,0.22899 
0.09351004391825857,0.325,0.0001,0.23533 
0.09392085426429089,0.325,0.00018,0.2419 
0.09433166461032322,0.35,0.00036,0.24808 
0.09474247495635556,0.35,0.00045,0.25501 
0.0951532853023879,0.375,0.00058,0.26167 
0.09556409564842022,0.375,0.00075,0.26829 
0.09597490599445256,0.4,0.00094,0.27469 
0.0963857163404849,0.4,0.00123,0.28132 
0.09679652668651723,0.4,0.00149,0.2884 
0.09720733703254957,0.4,0.00186,0.29516 
0.0976181473785819,0.4,0.00241,0.30235 
0.09802895772461423,0.4,0.00304,0.30949 
0.09843976807064655,0.4,0.00399,0.31655 
0.0988505784166789,0.4,0.00495,0.32405 
0.09926138876271123,0.4,0.00608,0.33115 
0.09967219910874356,0.4,0.00752,0.33779 
0.1000830094547759,0.4,0.00951,0.345 
0.10049381980080824,0.4,0.01187,0.35222 
0.10090463014684056,0.4,0.01481,0.35959 
0.10131544049287289,0.4,0.01791,0.36682 
0.10172625083890524,0.4,0.02186,0.3743 
0.10213706118493757,0.4,0.02596,0.38118 
0.10254787153096989,0.4,0.03102,0.38815 
0.10295868187700223,0.425,0.03675,0.39521 
0.10336949222303457,0.425,0.04319,0.40225 
0.1037803025690669,0.425,0.05044,0.40945 
0.10419111291509923,0.425,0.05861,0.4164 
0.10460192326113157,0.425,0.06814,0.42337 
0.1050127336071639,0.425,0.07888,0.43088 
0.10542354395319622,0.425,0.09058,0.4384 
0.10583435429922858,0.425,0.10355,0.44576 
0.1062451646452609,0.425,0.11765,0.4528 
0.10665597499129323,0.425,0.13348,0.45979 
0.10706678533732557,0.425,0.1505,0.46654 
0.10747759568335791,0.425,0.16908,0.47417 
0.10788840602939023,0.425,0.18882,0.48145 
0.10829921637542257,0.425,0.20919,0.48826 
0.10871002672145491,0.425,0.23034,0.49494 
0.10912083706748724,0.425,0.25316,0.50174 
0.10953164741351956,0.45,0.27688,0.50912 
0.10994245775955191,0.45,0.30278,0.51655 
0.11035326810558424,0.475,0.32843,0.5239 
0.11076407845161657,0.475,0.35499,0.53063 
0.1111748887976489,0.475,0.38231,0.53699 
0.11158569914368124,0.475,0.41046,0.54356 
0.11199650948971357,0.475,0.43901,0.55016 
0.11240731983574591,0.475,0.46726,0.55702 
0.11281813018177825,0.5,0.49667,0.56391 
0.11322894052781057,0.5,0.52608,0.5705 
0.1136397508738429,0.5,0.55448,0.57711 
0.11405056121987525,0.5,0.5833,0.58347 
0.11446137156590758,0.5,0.61148,0.59017 
0.1148721819119399,0.525,0.63881,0.59667 
0.11528299225797224,0.525,0.66576,0.60273 
0.11569380260400458,0.525,0.69083,0.60897 
0.1161046129500369,0.525,0.71528,0.61492 
0.11651542329606925,0.525,0.73875,0.62086 
0.11692623364210158,0.55,0.76096,0.62672 
0.11733704398813391,0.55,0.78281,0.63308 
0.11774785433416624,0.55,0.8027,0.63918 
0.11815866468019857,0.55,0.82222,0.64501 
0.11856947502623091,0.55,0.84009,0.65084 
0.11898028537226324,0.575,0.85689,0.65653 
0.11939109571829558,0.575,0.87129,0.66201 
0.11980190606432792,0.575,0.88463,0.6676 
0.12021271641036024,0.575,0.89755,0.67298 
0.12062352675639258,0.575,0.90945,0.67861 
0.12103433710242491,0.6,0.92034,0.68365 
0.12144514744845725,0.6,0.92979,0.68901 
0.12185595779448959,0.6,0.93899,0.6945 
0.12226676814052191,0.6,0.94675,0.69975 
0.12267757848655425,0.6,0.95362,0.70454 
0.12308838883258658,0.625,0.95999,0.7099 
0.12349919917861892,0.625,0.96571,0.71444 
0.12391000952465125,0.65,0.97041,0.71899 
0.12432081987068358,0.65,0.97456,0.72405 
0.12473163021671592,0.65,0.97805,0.72931 
0.12514244056274826,0.65,0.98148,0.73404 
0.12555325090878058,0.675,0.98416,0.73847 
0.1259640612548129,0.675,0.98667,0.74282 
0.12637487160084526,0.675,0.98884,0.74702 
0.1267856819468776,0.675,0.99069,0.75163 
0.1271964922929099,0.675,0.99222,0.75628 
0.12760730263894227,0.675,0.99348,0.7605 
0.1280181129849746,0.7,0.99458,0.765 
0.12842892333100692,0.725,0.99554,0.76944 
0.12883973367703927,0.725,0.99624,0.77361 
0.12925054402307157,0.75,0.99699,0.77782 
0.12966135436910392,0.75,0.9977,0.78219 
0.13007216471513627,0.75,0.99818,0.78654 
0.13048297506116857,0.75,0.99848,0.79065 
0.13089378540720092,0.75,0.99872,0.79467 
0.13130459575323325,0.75,0.99894,0.7985 
0.13171540609926558,0.75,0.99915,0.80252 
0.13212621644529793,0.75,0.99931,0.80655 
0.13253702679133025,0.75,0.99946,0.81028 
0.13294783713736258,0.75,0.99957,0.81396 
0.13335864748339493,0.775,0.99968,0.81738 
0.13376945782942726,0.775,0.99979,0.82097 
0.13418026817545958,0.775,0.99984,0.82438 
0.13459107852149194,0.775,0.99987,0.82789 
0.13500188886752426,0.775,0.99992,0.83099 
0.1354126992135566,0.775,0.99994,0.83409 
0.13582350955958894,0.775,0.99995,0.83708 
0.13623431990562127,0.775,0.99996,0.84025 
0.1366451302516536,0.775,0.99997,0.84335 
0.13705594059768594,0.775,0.99998,0.84632 
0.13746675094371824,0.775,1.0,0.84945 
0.1378775612897506,0.775,1.0,0.85245 
0.13828837163578295,0.775,1.0,0.85525 
0.13869918198181524,0.775,1.0,0.85812 
0.1391099923278476,0.775,1.0,0.86071 
0.13952080267387992,0.8,1.0,0.86335 
0.13993161301991225,0.8,1.0,0.86617 
0.1403424233659446,0.8,1.0,0.86899 
0.14075323371197693,0.8,1.0,0.87168 
0.14116404405800925,0.8,1.0,0.87442 
0.1415748544040416,0.825,1.0,0.87706 
0.14198566475007393,0.825,1.0,0.87969 
0.14239647509610626,0.825,1.0,0.8821 
0.1428072854421386,0.825,1.0,0.88468 
0.14321809578817093,0.825,1.0,0.88718 
0.14362890613420326,0.825,1.0,0.8895 
0.1440397164802356,0.825,1.0,0.89198 
0.1444505268262679,0.825,1.0,0.89414 
0.14486133717230026,0.825,1.0,0.8962 
0.14527214751833262,0.85,1.0,0.89835 
0.14568295786436491,0.85,1.0,0.90049 
0.14609376821039727,0.85,1.0,0.90245 
0.1465045785564296,0.85,1.0,0.9046 
0.14691538890246192,0.9,1.0,0.90651 
0.14732619924849427,0.9,1.0,0.90851 
0.1477370095945266,0.9,1.0,0.91045 
0.14814781994055892,0.9,1.0,0.91286 
0.14855863028659128,0.9,1.0,0.91461 
0.1489694406326236,0.9,1.0,0.91643 
0.14938025097865593,0.9,1.0,0.91827 
0.14979106132468828,0.9,1.0,0.92007 
0.1502018716707206,0.9,1.0,0.92173 
0.15061268201675293,0.9,1.0,0.92339 
0.15102349236278528,0.9,1.0,0.92502 
0.1514343027088176,0.9,1.0,0.92654 
0.15184511305484993,0.9,1.0,0.92808 
0.1522559234008823,0.925,1.0,0.92967 
0.15266673374691458,0.925,1.0,0.93101 
0.15307754409294694,0.925,1.0,0.9323 
0.1534883544389793,0.925,1.0,0.93381 
0.1538991647850116,0.925,1.0,0.93533 
0.15430997513104394,0.925,1.0,0.93664 
0.15472078547707627,0.925,1.0,0.93784 
0.1551315958231086,0.925,1.0,0.93917 
0.15554240616914095,0.925,1.0,0.94061 
0.15595321651517327,0.925,1.0,0.94186 
0.1563640268612056,0.925,1.0,0.94304 
0.15677483720723795,0.95,1.0,0.94422 
0.15718564755327027,0.95,1.0,0.94554 
0.1575964578993026,0.95,1.0,0.94689 
0.15800726824533495,0.95,1.0,0.94811 
0.15841807859136728,0.95,1.0,0.9492 
0.1588288889373996,0.95,1.0,0.95032 
0.15923969928343196,0.95,1.0,0.95141 
0.15965050962946428,0.95,1.0,0.95245 
0.1600613199754966,0.95,1.0,0.95353 
0.16047213032152896,0.95,1.0,0.95449 
0.16088294066756126,0.95,1.0,0.95537 
0.1612937510135936,0.95,1.0,0.95631 
0.16170456135962596,0.95,1.0,0.95733 
0.16211537170565826,0.95,1.0,0.95828 
0.16252618205169062,0.95,1.0,0.95914 
0.16293699239772294,0.95,1.0,0.96005 
0.16334780274375527,0.95,1.0,0.96087 
0.16375861308978762,0.95,1.0,0.96192 
0.16416942343581994,0.95,1.0,0.96282 
0.16458023378185227,0.95,1.0,0.96362 
0.16499104412788462,0.95,1.0,0.96444 
0.16540185447391695,0.95,1.0,0.96532 
0.16581266481994927,0.95,1.0,0.96601 
0.16622347516598163,0.95,1.0,0.96685 
0.16663428551201395,0.95,1.0,0.96761 
0.16704509585804628,0.95,1.0,0.9683 
0.16745590620407863,0.95,1.0,0.96898 
0.16786671655011096,0.95,1.0,0.9697 
0.16827752689614328,0.95,1.0,0.97032 
0.16868833724217563,0.95,1.0,0.97102 
0.16909914758820793,0.95,1.0,0.97163 
0.16950995793424029,0.95,1.0,0.97218 
0.16992076828027264,0.95,1.0,0.97274 
0.17033157862630494,0.95,1.0,0.97335 
0.1707423889723373,0.95,1.0,0.97397 
0.17115319931836961,0.95,1.0,0.97459 
0.17156400966440194,0.95,1.0,0.97518 
0.1719748200104343,0.95,1.0,0.97565 
0.17238563035646662,0.95,1.0,0.97612 
0.17279644070249894,0.95,1.0,0.97673 
0.1732072510485313,0.95,1.0,0.97735 
0.17361806139456362,0.95,1.0,0.97792 
0.17402887174059595,0.95,1.0,0.97849 
0.1744396820866283,0.95,1.0,0.97883 
0.17485049243266063,0.95,1.0,0.97921 
0.17526130277869295,0.95,1.0,0.97964 
0.1756721131247253,0.95,1.0,0.98013 
0.17608292347075763,0.95,1.0,0.9807 
0.17649373381678995,0.95,1.0,0.98116 
0.1769045441628223,0.95,1.0,0.98167 
0.1773153545088546,0.95,1.0,0.98206 
0.17772616485488696,0.95,1.0,0.98246 
0.1781369752009193,0.95,1.0,0.98285 
0.1785477855469516,0.95,1.0,0.98319 
0.17895859589298396,0.95,1.0,0.98359 
0.1793694062390163,0.95,1.0,0.98397 
0.1797802165850486,0.95,1.0,0.98436 
0.18019102693108097,0.95,1.0,0.98469 
0.1806018372771133,0.95,1.0,0.98511 
0.18101264762314562,0.975,1.0,0.98554 
0.18142345796917797,0.975,1.0,0.9858 
0.18183426831521027,0.975,1.0,0.98611 
0.18224507866124262,0.975,1.0,0.98638 
0.18265588900727497,0.975,1.0,0.98674 
0.18306669935330727,0.975,1.0,0.98708 
0.18347750969933962,0.975,1.0,0.98738 
0.18388832004537198,0.975,1.0,0.98766 
0.18429913039140428,0.975,1.0,0.98806 
0.18470994073743663,0.975,1.0,0.98828 
0.18512075108346898,0.975,1.0,0.98862 
0.18553156142950128,0.975,1.0,0.98881 
0.18594237177553363,0.975,1.0,0.98909 
0.18635318212156599,0.975,1.0,0.98944 
0.18676399246759828,0.975,1.0,0.98972 
0.18717480281363064,0.975,1.0,0.99003 
0.187585613159663,0.975,1.0,0.99021 
0.1879964235056953,0.975,1.0,0.99047 
0.18840723385172764,0.975,1.0,0.9907 
0.18881804419776,0.975,1.0,0.99099 
0.1892288545437923,0.975,1.0,0.99121 
0.18963966488982464,0.975,1.0,0.99135 
0.19005047523585694,0.975,1.0,0.99158 
0.1904612855818893,0.975,1.0,0.99176 
0.19087209592792165,0.975,1.0,0.99192 
0.19128290627395395,0.975,1.0,0.99212 
0.1916937166199863,0.975,1.0,0.99234 
0.19210452696601865,0.975,1.0,0.99254 
0.19251533731205095,0.975,1.0,0.9927 
0.1929261476580833,0.975,1.0,0.99283 
0.19333695800411566,0.975,1.0,0.99304 
0.19374776835014795,0.975,1.0,0.9932 
0.1941585786961803,0.975,1.0,0.99346 
0.19456938904221266,0.975,1.0,0.99369 
0.19498019938824496,0.975,1.0,0.99382 
0.1953910097342773,0.975,1.0,0.99394 
0.19580182008030966,0.975,1.0,0.99406 
0.19621263042634196,0.975,1.0,0.99422 
0.1966234407723743,0.975,1.0,0.99427 
0.1970342511184066,0.975,1.0,0.99439 
0.19744506146443896,0.975,1.0,0.99454 
0.19785587181047132,0.975,1.0,0.99472 
0.19826668215650362,0.975,1.0,0.9949 
0.19867749250253597,0.975,1.0,0.99501 
0.19908830284856832,0.975,1.0,0.99516 
0.19949911319460062,0.975,1.0,0.99522 
0.19990992354063297,0.975,1.0,0.99535 
0.20032073388666533,0.975,1.0,0.9954 
0.20073154423269762,0.975,1.0,0.99549 
0.20114235457872998,0.975,1.0,0.99565 
0.20155316492476233,0.975,1.0,0.99572 
0.20196397527079463,0.975,1.0,0.99588 
0.20237478561682698,0.975,1.0,0.99595 
0.20278559596285933,0.975,1.0,0.99603 
0.20319640630889163,0.975,1.0,0.99608 
0.20360721665492398,0.975,1.0,0.99616 
0.20401802700095634,0.975,1.0,0.99623 
0.20442883734698863,0.975,1.0,0.99636 
0.204839647693021,0.975,1.0,0.99644 
0.20525045803905329,0.975,1.0,0.99656 
0.20566126838508564,0.975,1.0,0.99661 
0.206072078731118,0.975,1.0,0.99666 
0.2064828890771503,0.975,1.0,0.99668 
0.20689369942318264,0.975,1.0,0.99674 
0.207304509769215,0.975,1.0,0.9968 
0.2077153201152473,0.975,1.0,0.99685 
0.20812613046127965,0.975,1.0,0.99696 
0.208536940807312,0.975,1.0,0.99702 
0.2089477511533443,0.975,1.0,0.99708 
0.20935856149937665,0.975,1.0,0.99718 
0.209769371845409,0.975,1.0,0.99725 
0.2101801821914413,0.975,1.0,0.99728 
0.21059099253747365,0.975,1.0,0.99736 
0.211001802883506,0.975,1.0,0.9974 
0.2114126132295383,0.975,1.0,0.99748 
0.21182342357557066,0.975,1.0,0.99753 
0.212234233921603,0.975,1.0,0.99758 
0.2126450442676353,0.975,1.0,0.99762 
0.21305585461366766,0.975,1.0,0.99764 
0.21346666495969996,0.975,1.0,0.99769 
0.2138774753057323,0.975,1.0,0.99774 
0.21428828565176467,0.975,1.0,0.99782 
0.21469909599779696,0.975,1.0,0.99784 
0.21510990634382932,0.975,1.0,0.99787 
0.21552071668986167,0.975,1.0,0.99791 
0.21593152703589397,0.975,1.0,0.99795 
0.21634233738192632,0.975,1.0,0.99804 
0.21675314772795867,0.975,1.0,0.9981 
0.21716395807399097,0.975,1.0,0.99814 
0.21757476842002332,0.975,1.0,0.99817 
0.21798557876605568,0.975,1.0,0.99823 
0.21839638911208797,0.975,1.0,0.99827 
0.21880719945812033,0.975,1.0,0.99831 
0.21921800980415268,0.975,1.0,0.99835 
0.21962882015018498,0.975,1.0,0.9984 
0.22003963049621733,0.975,1.0,0.99842 
0.22045044084224968,0.975,1.0,0.99845 
0.22086125118828198,0.975,1.0,0.99848 
0.22127206153431433,0.975,1.0,0.99853 
0.22168287188034663,0.975,1.0,0.99857 
0.22209368222637899,0.975,1.0,0.9986 
0.22250449257241134,0.975,1.0,0.99864 
0.22291530291844364,0.975,1.0,0.99869 
0.223326113264476,0.975,1.0,0.99875 
0.22373692361050834,0.975,1.0,0.99876 
0.22414773395654064,0.975,1.0,0.99879 
0.224558544302573,0.975,1.0,0.99881 
0.22496935464860535,0.975,1.0,0.99884 
0.22538016499463764,0.975,1.0,0.99885 
0.22579097534067,0.975,1.0,0.99887 
0.22620178568670235,0.975,1.0,0.99891 
0.22661259603273465,0.975,1.0,0.99893 
0.227023406378767,0.975,1.0,0.999 
0.22743421672479935,0.975,1.0,0.999 
0.22784502707083165,0.975,1.0,0.99903 
0.228255837416864,0.975,1.0,0.99904 
0.22866664776289636,0.975,1.0,0.99907 
0.22907745810892866,0.975,1.0,0.99908 
0.229488268454961,0.975,1.0,0.99909 
0.2298990788009933,0.975,1.0,0.99911 
0.23030988914702566,0.975,1.0,0.99914 
0.230720699493058,0.975,1.0,0.99915 
0.2311315098390903,0.975,1.0,0.99917 
0.23154232018512266,0.975,1.0,0.9992 
0.23195313053115502,0.975,1.0,0.99921 
0.2323639408771873,0.975,1.0,0.99921 
0.23277475122321967,0.975,1.0,0.99922 
0.23318556156925202,0.975,1.0,0.99922 
0.23359637191528432,0.975,1.0,0.99922 
0.23400718226131667,0.975,1.0,0.99924 
0.23441799260734902,0.975,1.0,0.99925 
0.23482880295338132,0.975,1.0,0.99925 
0.23523961329941367,0.975,1.0,0.99929 
0.23565042364544603,0.975,1.0,0.9993 
0.23606123399147833,0.975,1.0,0.99931 
0.23647204433751068,0.975,1.0,0.99931 
0.23688285468354298,0.975,1.0,0.99932 
0.23729366502957533,0.975,1.0,0.99932 
0.23770447537560768,1.0,1.0,0.99933 
0.23811528572163998,1.0,1.0,0.99934 
0.23852609606767233,1.0,1.0,0.99936 
0.23893690641370469,1.0,1.0,0.99938 
0.23934771675973698,1.0,1.0,0.99938 
0.23975852710576934,1.0,1.0,0.99939 
0.2401693374518017,1.0,1.0,0.9994 
0.240580147797834,1.0,1.0,0.99941 
0.24099095814386634,1.0,1.0,0.99942 
0.2414017684898987,1.0,1.0,0.99944 
0.241812578835931,1.0,1.0,0.99945 
0.24222338918196334,1.0,1.0,0.99945 
0.2426341995279957,1.0,1.0,0.99946 
0.243045009874028,1.0,1.0,0.99947 
0.24345582022006035,1.0,1.0,0.99949 
0.2438666305660927,1.0,1.0,0.99951 
0.244277440912125,1.0,1.0,0.99951 
0.24468825125815735,1.0,1.0,0.99951 
0.24509906160418965,1.0,1.0,0.99953 
0.245509871950222,1.0,1.0,0.99953 
0.24592068229625436,1.0,1.0,0.99955 
0.24633149264228665,1.0,1.0,0.99957 
0.246742302988319,1.0,1.0,0.99957 
0.24715311333435136,1.0,1.0,0.99957 
0.24756392368038366,1.0,1.0,0.99959 
0.247974734026416,1.0,1.0,0.99959 
0.24838554437244836,1.0,1.0,0.99961 
0.24879635471848066,1.0,1.0,0.99962 
0.24920716506451301,1.0,1.0,0.99963 
0.24961797541054537,1.0,1.0,0.99965 
0.25002878575657767,1.0,1.0,0.99965 
0.25043959610261,1.0,1.0,0.99965 
0.25085040644864237,1.0,1.0,0.99965 
0.25126121679467467,1.0,1.0,0.99967 
0.251672027140707,1.0,1.0,0.99968 
0.2520828374867394,1.0,1.0,0.99968 
0.2524936478327717,1.0,1.0,0.99969 
0.252904458178804,1.0,1.0,0.9997 
0.2533152685248363,1.0,1.0,0.99971 
0.2537260788708687,1.0,1.0,0.99972 
0.25413688921690103,1.0,1.0,0.99972 
0.2545476995629333,1.0,1.0,0.99973 
0.2549585099089657,1.0,1.0,0.99973 
0.25536932025499803,1.0,1.0,0.99974 
0.25578013060103033,1.0,1.0,0.99975 
0.2561909409470627,1.0,1.0,0.99975 
0.25660175129309504,1.0,1.0,0.99976 
0.25701256163912733,1.0,1.0,0.99976 
0.2574233719851597,1.0,1.0,0.99976 
0.25783418233119204,1.0,1.0,0.99976 
0.25824499267722434,1.0,1.0,0.99976 
0.2586558030232567,1.0,1.0,0.99976 
0.25906661336928904,1.0,1.0,0.99976 
0.25947742371532134,1.0,1.0,0.99977 
0.2598882340613537,1.0,1.0,0.99977 
0.26029904440738605,1.0,1.0,0.99977 
0.26070985475341835,1.0,1.0,0.99977 
0.2611206650994507,1.0,1.0,0.99977 
