x,eeg_cdf,wishart_cdf,t_wishart_cdf 
1.5044514067166766e-05,0.0,0.0,0.02008 
1.588798751103981e-05,0.0,0.0,0.02628 
1.6731460954912857e-05,0.025,0.0,0.0328 
1.7574934398785903e-05,0.025,0.0,0.04064 
1.841840784265895e-05,0.025,0.0,0.04826 
1.9261881286531995e-05,0.025,0.0,0.05728 
2.010535473040504e-05,0.025,0.0,0.06723 
2.0948828174278088e-05,0.025,0.0,0.07745 
2.1792301618151134e-05,0.025,0.0,0.08866 
2.263577506202418e-05,0.025,0.0,0.1002 
2.3479248505897226e-05,0.025,0.0,0.11223 
2.4322721949770272e-05,0.025,1e-05,0.12499 
2.516619539364332e-05,0.1,2e-05,0.138 
2.6009668837516365e-05,0.1,3e-05,0.15116 
2.685314228138941e-05,0.125,8e-05,0.16445 
2.7696615725262457e-05,0.125,0.00013,0.17891 
2.8540089169135503e-05,0.125,0.00023,0.19327 
2.938356261300855e-05,0.175,0.00041,0.20818 
3.0227036056881595e-05,0.175,0.00085,0.22261 
3.107050950075464e-05,0.2,0.00154,0.23785 
3.191398294462769e-05,0.25,0.0026,0.25285 
3.2757456388500734e-05,0.35,0.00431,0.26775 
3.360092983237378e-05,0.4,0.00696,0.28299 
3.4444403276246826e-05,0.4,0.01109,0.29734 
3.528787672011987e-05,0.425,0.01691,0.31233 
3.613135016399292e-05,0.425,0.02457,0.32688 
3.6974823607865964e-05,0.425,0.03502,0.34205 
3.781829705173901e-05,0.425,0.04908,0.35631 
3.866177049561206e-05,0.45,0.06648,0.37061 
3.95052439394851e-05,0.475,0.08738,0.38489 
4.034871738335815e-05,0.475,0.11207,0.39929 
4.1192190827231195e-05,0.475,0.14111,0.41288 
4.203566427110424e-05,0.5,0.17408,0.42622 
4.287913771497729e-05,0.5,0.21107,0.44057 
4.3722611158850333e-05,0.525,0.25173,0.45388 
4.456608460272338e-05,0.525,0.29293,0.4671 
4.5409558046596426e-05,0.525,0.33757,0.4802 
4.6253031490469465e-05,0.525,0.38467,0.49253 
4.709650493434251e-05,0.525,0.43209,0.50491 
4.793997837821556e-05,0.525,0.4815,0.51697 
4.8783451822088604e-05,0.55,0.5292,0.52935 
4.962692526596165e-05,0.575,0.57549,0.54065 
5.0470398709834696e-05,0.6,0.62091,0.55237 
5.131387215370774e-05,0.625,0.6638,0.56374 
5.215734559758079e-05,0.625,0.70352,0.57411 
5.3000819041453834e-05,0.625,0.74107,0.58451 
5.384429248532688e-05,0.625,0.77555,0.59469 
5.4687765929199927e-05,0.65,0.80716,0.60478 
5.553123937307297e-05,0.65,0.83458,0.6148 
5.637471281694602e-05,0.65,0.8596,0.62418 
5.7218186260819065e-05,0.675,0.8806,0.63359 
5.806165970469211e-05,0.675,0.89865,0.64292 
5.890513314856516e-05,0.675,0.91509,0.65165 
5.97486065924382e-05,0.7,0.92967,0.6603 
6.059208003631125e-05,0.7,0.9418,0.66842 
6.14355534801843e-05,0.7,0.95241,0.67668 
6.227902692405735e-05,0.7,0.96149,0.68488 
6.31225003679304e-05,0.7,0.96861,0.69285 
6.396597381180344e-05,0.7,0.97441,0.70048 
6.480944725567649e-05,0.7,0.9794,0.7081 
6.565292069954953e-05,0.7,0.98339,0.71549 
6.649639414342258e-05,0.7,0.98683,0.72272 
6.733986758729563e-05,0.7,0.98927,0.72933 
6.818334103116867e-05,0.75,0.99164,0.736 
6.902681447504172e-05,0.75,0.99345,0.74263 
6.987028791891476e-05,0.75,0.99496,0.74919 
7.071376136278781e-05,0.775,0.99616,0.7556 
7.155723480666086e-05,0.775,0.99704,0.76118 
7.24007082505339e-05,0.775,0.99775,0.76717 
7.324418169440695e-05,0.775,0.99827,0.77274 
7.408765513828e-05,0.775,0.99872,0.77831 
7.493112858215304e-05,0.775,0.99904,0.78333 
7.577460202602609e-05,0.775,0.99929,0.78889 
7.661807546989912e-05,0.775,0.99948,0.79369 
7.746154891377217e-05,0.825,0.9996,0.79858 
7.830502235764521e-05,0.825,0.99971,0.80345 
7.914849580151826e-05,0.825,0.99983,0.80853 
7.99919692453913e-05,0.825,0.99986,0.8129 
8.083544268926435e-05,0.825,0.9999,0.81719 
8.16789161331374e-05,0.825,0.99991,0.82168 
8.252238957701044e-05,0.825,0.99993,0.82598 
8.336586302088349e-05,0.825,0.99994,0.8303 
8.420933646475653e-05,0.85,0.99995,0.83457 
8.505280990862958e-05,0.85,0.99998,0.83852 
8.589628335250263e-05,0.85,0.99999,0.84271 
8.673975679637567e-05,0.85,0.99999,0.84648 
8.758323024024872e-05,0.85,1.0,0.8505 
8.842670368412177e-05,0.875,1.0,0.85381 
8.927017712799481e-05,0.875,1.0,0.85712 
9.011365057186786e-05,0.875,1.0,0.86048 
9.09571240157409e-05,0.9,1.0,0.86384 
9.180059745961395e-05,0.9,1.0,0.86749 
9.2644070903487e-05,0.9,1.0,0.87044 
9.348754434736004e-05,0.9,1.0,0.87321 
9.433101779123309e-05,0.9,1.0,0.87587 
9.517449123510613e-05,0.9,1.0,0.87876 
9.601796467897918e-05,0.9,1.0,0.88124 
9.686143812285223e-05,0.9,1.0,0.88436 
9.770491156672527e-05,0.9,1.0,0.88722 
9.854838501059832e-05,0.9,1.0,0.8897 
9.939185845447137e-05,0.9,1.0,0.89238 
0.00010023533189834441,0.9,1.0,0.89488 
0.00010107880534221746,0.9,1.0,0.89716 
0.0001019222787860905,0.9,1.0,0.89972 
0.00010276575222996355,0.9,1.0,0.90181 
0.0001036092256738366,0.9,1.0,0.90406 
0.00010445269911770964,0.9,1.0,0.90619 
0.00010529617256158269,0.9,1.0,0.90811 
0.00010613964600545573,0.9,1.0,0.90999 
0.00010698311944932878,0.9,1.0,0.91182 
0.00010782659289320183,0.9,1.0,0.91376 
0.00010867006633707487,0.9,1.0,0.91581 
0.00010951353978094792,0.9,1.0,0.91756 
0.00011035701322482097,0.9,1.0,0.91937 
0.00011120048666869401,0.9,1.0,0.92107 
0.00011204396011256706,0.9,1.0,0.92264 
0.0001128874335564401,0.9,1.0,0.92471 
0.00011373090700031315,0.9,1.0,0.92647 
0.0001145743804441862,0.925,1.0,0.92788 
0.00011541785388805924,0.925,1.0,0.92953 
0.00011626132733193229,0.925,1.0,0.93086 
0.00011710480077580533,0.95,1.0,0.93249 
0.00011794827421967838,0.95,1.0,0.93387 
0.00011879174766355143,0.95,1.0,0.93532 
0.00011963522110742447,0.95,1.0,0.93659 
0.00012047869455129752,0.95,1.0,0.9381 
0.00012132216799517056,0.95,1.0,0.93942 
0.00012216564143904362,0.95,1.0,0.94052 
0.00012300911488291667,0.95,1.0,0.94185 
0.00012385258832678972,0.95,1.0,0.9432 
0.00012469606177066276,0.95,1.0,0.94449 
0.0001255395352145358,0.95,1.0,0.9456 
0.00012638300865840886,0.95,1.0,0.94675 
0.0001272264821022819,0.95,1.0,0.94797 
0.00012806995554615495,0.95,1.0,0.94898 
0.000128913428990028,0.95,1.0,0.94996 
0.00012975690243390104,0.95,1.0,0.95098 
0.00013060037587777409,0.95,1.0,0.95196 
0.00013144384932164713,0.95,1.0,0.95271 
0.00013228732276552018,0.95,1.0,0.95366 
0.00013313079620939322,0.95,1.0,0.9546 
0.00013397426965326627,0.95,1.0,0.95549 
0.00013481774309713932,0.95,1.0,0.95636 
0.00013566121654101236,0.95,1.0,0.95721 
0.0001365046899848854,0.95,1.0,0.95796 
0.00013734816342875843,0.95,1.0,0.95883 
0.00013819163687263147,0.95,1.0,0.95953 
0.00013903511031650452,0.95,1.0,0.9603 
0.00013987858376037757,0.95,1.0,0.96115 
0.0001407220572042506,0.95,1.0,0.96208 
0.00014156553064812366,0.95,1.0,0.96276 
0.0001424090040919967,0.95,1.0,0.96353 
0.00014325247753586975,0.95,1.0,0.96428 
0.0001440959509797428,0.95,1.0,0.9649 
0.00014493942442361584,0.95,1.0,0.96566 
0.0001457828978674889,0.95,1.0,0.96645 
0.00014662637131136194,0.95,1.0,0.96699 
0.00014746984475523498,0.95,1.0,0.96769 
0.00014831331819910803,0.95,1.0,0.96838 
0.00014915679164298107,0.95,1.0,0.96889 
0.00015000026508685412,0.95,1.0,0.96942 
0.00015084373853072717,0.95,1.0,0.97 
0.0001516872119746002,0.95,1.0,0.97054 
0.00015253068541847326,0.95,1.0,0.97112 
0.0001533741588623463,0.975,1.0,0.97161 
0.00015421763230621935,0.975,1.0,0.97227 
0.0001550611057500924,0.975,1.0,0.97272 
0.00015590457919396544,0.975,1.0,0.97312 
0.0001567480526378385,0.975,1.0,0.97356 
0.00015759152608171154,0.975,1.0,0.97405 
0.00015843499952558458,0.975,1.0,0.97456 
0.00015927847296945763,0.975,1.0,0.97506 
0.00016012194641333067,0.975,1.0,0.97561 
0.00016096541985720372,0.975,1.0,0.97603 
0.00016180889330107677,0.975,1.0,0.97647 
0.0001626523667449498,0.975,1.0,0.97685 
0.00016349584018882286,0.975,1.0,0.97732 
0.0001643393136326959,0.975,1.0,0.97774 
0.00016518278707656895,0.975,1.0,0.97801 
0.000166026260520442,0.975,1.0,0.97833 
0.00016686973396431504,0.975,1.0,0.97877 
0.0001677132074081881,0.975,1.0,0.97907 
0.00016855668085206114,0.975,1.0,0.97937 
0.00016940015429593418,0.975,1.0,0.97975 
0.00017024362773980723,0.975,1.0,0.98002 
0.00017108710118368027,0.975,1.0,0.98043 
0.00017193057462755332,0.975,1.0,0.98078 
0.00017277404807142637,0.975,1.0,0.98104 
0.0001736175215152994,0.975,1.0,0.9814 
0.00017446099495917246,0.975,1.0,0.98174 
0.0001753044684030455,0.975,1.0,0.98205 
0.00017614794184691855,0.975,1.0,0.98233 
0.0001769914152907916,0.975,1.0,0.98262 
0.00017783488873466464,0.975,1.0,0.98291 
0.0001786783621785377,0.975,1.0,0.98322 
0.00017952183562241073,0.975,1.0,0.98347 
0.00018036530906628378,0.975,1.0,0.98379 
0.00018120878251015683,0.975,1.0,0.98406 
0.00018205225595402987,0.975,1.0,0.98434 
0.00018289572939790292,0.975,1.0,0.9846 
0.00018373920284177597,0.975,1.0,0.98483 
0.000184582676285649,0.975,1.0,0.98504 
0.00018542614972952206,0.975,1.0,0.98537 
0.0001862696231733951,0.975,1.0,0.98557 
0.00018711309661726815,0.975,1.0,0.98582 
0.0001879565700611412,0.975,1.0,0.98603 
0.00018880004350501424,0.975,1.0,0.98624 
0.0001896435169488873,0.975,1.0,0.98651 
0.00019048699039276033,0.975,1.0,0.98679 
0.00019133046383663338,0.975,1.0,0.98703 
0.00019217393728050643,0.975,1.0,0.98721 
0.00019301741072437947,0.975,1.0,0.98743 
0.00019386088416825252,0.975,1.0,0.98763 
0.00019470435761212557,0.975,1.0,0.98789 
0.0001955478310559986,0.975,1.0,0.98805 
0.00019639130449987166,0.975,1.0,0.98827 
0.0001972347779437447,0.975,1.0,0.98848 
0.00019807825138761775,0.975,1.0,0.98858 
0.0001989217248314908,0.975,1.0,0.98877 
0.00019976519827536384,0.975,1.0,0.98897 
0.0002006086717192369,0.975,1.0,0.98916 
0.00020145214516310993,0.975,1.0,0.98933 
0.00020229561860698298,0.975,1.0,0.9895 
0.00020313909205085603,0.975,1.0,0.98966 
0.00020398256549472907,0.975,1.0,0.98983 
0.00020482603893860212,0.975,1.0,0.99 
0.00020566951238247517,0.975,1.0,0.99013 
0.0002065129858263482,0.975,1.0,0.99027 
0.00020735645927022126,0.975,1.0,0.99047 
0.0002081999327140943,0.975,1.0,0.99063 
0.00020904340615796735,0.975,1.0,0.99073 
0.0002098868796018404,0.975,1.0,0.99082 
0.00021073035304571344,0.975,1.0,0.99093 
0.0002115738264895865,0.975,1.0,0.99105 
0.00021241729993345953,0.975,1.0,0.99116 
0.00021326077337733258,0.975,1.0,0.99127 
0.00021410424682120563,0.975,1.0,0.99147 
0.00021494772026507867,0.975,1.0,0.99163 
0.00021579119370895172,0.975,1.0,0.99175 
0.00021663466715282477,0.975,1.0,0.99191 
0.0002174781405966978,0.975,1.0,0.99201 
0.00021832161404057086,0.975,1.0,0.99215 
0.0002191650874844439,0.975,1.0,0.99228 
0.00022000856092831695,0.975,1.0,0.99241 
0.00022085203437219,0.975,1.0,0.99255 
0.00022169550781606304,0.975,1.0,0.99264 
0.0002225389812599361,0.975,1.0,0.99277 
0.00022338245470380913,0.975,1.0,0.99288 
0.00022422592814768218,0.975,1.0,0.99301 
0.00022506940159155523,0.975,1.0,0.99308 
0.00022591287503542827,0.975,1.0,0.99323 
0.00022675634847930132,0.975,1.0,0.99326 
0.00022759982192317436,0.975,1.0,0.99341 
0.0002284432953670474,0.975,1.0,0.99353 
0.00022928676881092046,0.975,1.0,0.99365 
0.0002301302422547935,0.975,1.0,0.99377 
0.00023097371569866655,0.975,1.0,0.99385 
0.0002318171891425396,0.975,1.0,0.99391 
0.00023266066258641264,0.975,1.0,0.99402 
0.0002335041360302857,0.975,1.0,0.99408 
0.00023434760947415873,0.975,1.0,0.99414 
0.00023519108291803178,0.975,1.0,0.99423 
0.00023603455636190483,0.975,1.0,0.99433 
0.00023687802980577787,0.975,1.0,0.99442 
0.00023772150324965092,0.975,1.0,0.99448 
0.00023856497669352396,0.975,1.0,0.99454 
0.000239408450137397,0.975,1.0,0.99457 
0.00024025192358127006,0.975,1.0,0.99469 
0.0002410953970251431,0.975,1.0,0.99471 
0.00024193887046901615,0.975,1.0,0.99484 
0.0002427823439128892,0.975,1.0,0.9949 
0.00024362581735676224,0.975,1.0,0.995 
0.0002444692908006353,0.975,1.0,0.99509 
0.00024531276424450836,0.975,1.0,0.99517 
0.0002461562376883814,0.975,1.0,0.99526 
0.00024699971113225445,0.975,1.0,0.99531 
0.00024784318457612747,0.975,1.0,0.99543 
0.00024868665802000055,0.975,1.0,0.99551 
0.00024953013146387356,0.975,1.0,0.9956 
0.00025037360490774664,0.975,1.0,0.99561 
0.00025121707835161966,0.975,1.0,0.99568 
0.00025206055179549273,0.975,1.0,0.99574 
0.00025290402523936575,0.975,1.0,0.9958 
0.0002537474986832388,0.975,1.0,0.99592 
0.00025459097212711184,0.975,1.0,0.99599 
0.0002554344455709849,0.975,1.0,0.99603 
0.00025627791901485793,0.975,1.0,0.99608 
0.000257121392458731,0.975,1.0,0.99616 
0.000257964865902604,0.975,1.0,0.99621 
0.0002588083393464771,0.975,1.0,0.99626 
0.0002596518127903501,0.975,1.0,0.99633 
0.0002604952862342232,0.975,1.0,0.9964 
0.0002613387596780962,0.975,1.0,0.99642 
0.0002621822331219693,0.975,1.0,0.99651 
0.0002630257065658423,0.975,1.0,0.99654 
0.0002638691800097154,0.975,1.0,0.99658 
0.0002647126534535884,0.975,1.0,0.99662 
0.00026555612689746147,0.975,1.0,0.99665 
0.0002663996003413345,0.975,1.0,0.9967 
0.00026724307378520756,0.975,1.0,0.99673 
0.0002680865472290806,0.975,1.0,0.99678 
0.00026893002067295365,0.975,1.0,0.99681 
0.00026977349411682667,0.975,1.0,0.99685 
0.00027061696756069975,0.975,1.0,0.99689 
0.00027146044100457276,0.975,1.0,0.99694 
0.00027230391444844584,0.975,1.0,0.99702 
0.00027314738789231886,0.975,1.0,0.99704 
0.00027399086133619193,0.975,1.0,0.99711 
0.00027483433478006495,0.975,1.0,0.99713 
0.000275677808223938,0.975,1.0,0.99718 
0.00027652128166781104,0.975,1.0,0.99723 
0.0002773647551116841,0.975,1.0,0.9973 
0.00027820822855555713,0.975,1.0,0.99732 
0.0002790517019994302,0.975,1.0,0.99735 
0.0002798951754433032,0.975,1.0,0.99742 
0.0002807386488871763,0.975,1.0,0.99745 
0.0002815821223310493,0.975,1.0,0.99748 
0.0002824255957749224,0.975,1.0,0.99754 
0.0002832690692187954,0.975,1.0,0.99759 
0.0002841125426626685,0.975,1.0,0.99759 
0.0002849560161065415,0.975,1.0,0.99767 
0.0002857994895504146,0.975,1.0,0.99772 
0.0002866429629942876,0.975,1.0,0.99774 
0.00028748643643816067,0.975,1.0,0.99775 
0.0002883299098820337,0.975,1.0,0.99778 
0.00028917338332590676,0.975,1.0,0.99779 
0.0002900168567697798,0.975,1.0,0.9978 
0.00029086033021365285,0.975,1.0,0.99782 
0.00029170380365752587,0.975,1.0,0.99784 
0.00029254727710139894,0.975,1.0,0.99785 
0.00029339075054527196,0.975,1.0,0.99788 
0.00029423422398914504,0.975,1.0,0.9979 
0.00029507769743301806,0.975,1.0,0.99796 
0.00029592117087689113,0.975,1.0,0.99799 
0.00029676464432076415,0.975,1.0,0.99803 
0.0002976081177646372,0.975,1.0,0.99807 
0.00029845159120851024,0.975,1.0,0.9981 
0.0002992950646523833,0.975,1.0,0.9981 
0.00030013853809625633,0.975,1.0,0.99811 
0.0003009820115401294,0.975,1.0,0.99813 
0.0003018254849840024,0.975,1.0,0.99819 
0.0003026689584278755,0.975,1.0,0.99819 
0.0003035124318717485,0.975,1.0,0.99822 
0.0003043559053156216,0.975,1.0,0.99825 
0.0003051993787594946,0.975,1.0,0.99828 
0.0003060428522033677,0.975,1.0,0.99828 
0.0003068863256472407,0.975,1.0,0.99829 
0.0003077297990911138,0.975,1.0,0.99832 
0.0003085732725349868,0.975,1.0,0.99833 
0.00030941674597885987,0.975,1.0,0.99837 
0.0003102602194227329,0.975,1.0,0.99838 
0.00031110369286660596,0.975,1.0,0.99839 
0.000311947166310479,0.975,1.0,0.99841 
0.00031279063975435205,0.975,1.0,0.99842 
0.00031363411319822507,0.975,1.0,0.99845 
0.00031447758664209814,0.975,1.0,0.99845 
0.00031532106008597116,0.975,1.0,0.99846 
0.00031616453352984424,0.975,1.0,0.99849 
0.00031700800697371726,0.975,1.0,0.99852 
0.00031785148041759033,0.975,1.0,0.99854 
0.00031869495386146335,0.975,1.0,0.99856 
0.0003195384273053364,0.975,1.0,0.99856 
0.00032038190074920944,0.975,1.0,0.99857 
0.0003212253741930825,0.975,1.0,0.99859 
0.00032206884763695553,0.975,1.0,0.99859 
0.0003229123210808286,0.975,1.0,0.99861 
0.0003237557945247016,0.975,1.0,0.99868 
0.0003245992679685747,0.975,1.0,0.9987 
0.0003254427414124477,0.975,1.0,0.99872 
0.0003262862148563208,0.975,1.0,0.99873 
0.0003271296883001938,0.975,1.0,0.99874 
0.0003279731617440669,0.975,1.0,0.99876 
0.0003288166351879399,0.975,1.0,0.99879 
0.000329660108631813,0.975,1.0,0.99881 
0.000330503582075686,0.975,1.0,0.99881 
0.00033134705551955907,0.975,1.0,0.99882 
0.0003321905289634321,0.975,1.0,0.99886 
0.00033303400240730516,0.975,1.0,0.99889 
0.0003338774758511782,0.975,1.0,0.9989 
0.00033472094929505125,0.975,1.0,0.99891 
0.00033556442273892427,0.975,1.0,0.99894 
0.00033640789618279734,0.975,1.0,0.99895 
0.00033725136962667036,0.975,1.0,0.99897 
0.00033809484307054344,0.975,1.0,0.99898 
0.00033893831651441646,0.975,1.0,0.99901 
0.00033978178995828953,0.975,1.0,0.99901 
0.00034062526340216255,0.975,1.0,0.99901 
0.0003414687368460356,0.975,1.0,0.99901 
0.00034231221028990864,0.975,1.0,0.99902 
0.0003431556837337817,0.975,1.0,0.99903 
0.00034399915717765473,0.975,1.0,0.99906 
0.0003448426306215278,0.975,1.0,0.99906 
0.0003456861040654008,0.975,1.0,0.99906 
0.0003465295775092739,0.975,1.0,0.99906 
0.0003473730509531469,0.975,1.0,0.99906 
0.00034821652439702,0.975,1.0,0.99907 
0.000349059997840893,0.975,1.0,0.99908 
0.0003499034712847661,0.975,1.0,0.99911 
0.0003507469447286391,0.975,1.0,0.99912 
0.0003515904181725122,0.975,1.0,0.99913 
0.0003524338916163852,0.975,1.0,0.99913 
0.00035327736506025827,0.975,1.0,0.99915 
0.0003541208385041313,0.975,1.0,0.99915 
0.00035496431194800436,0.975,1.0,0.99917 
0.0003558077853918774,0.975,1.0,0.99917 
0.00035665125883575045,0.975,1.0,0.99917 
0.00035749473227962347,0.975,1.0,0.99918 
0.00035833820572349654,0.975,1.0,0.99918 
0.00035918167916736956,0.975,1.0,0.99919 
0.00036002515261124264,0.975,1.0,0.99919 
0.00036086862605511566,0.975,1.0,0.99919 
0.00036171209949898873,0.975,1.0,0.9992 
0.00036255557294286175,0.975,1.0,0.99921 
0.0003633990463867348,0.975,1.0,0.99922 
0.00036424251983060784,0.975,1.0,0.99923 
0.0003650859932744809,0.975,1.0,0.99923 
0.00036592946671835393,0.975,1.0,0.99923 
0.000366772940162227,0.975,1.0,0.99925 
0.0003676164136061,0.975,1.0,0.99925 
0.0003684598870499731,0.975,1.0,0.99927 
0.0003693033604938461,0.975,1.0,0.99927 
0.0003701468339377192,0.975,1.0,0.99927 
0.0003709903073815922,0.975,1.0,0.99927 
0.0003718337808254653,0.975,1.0,0.99928 
0.0003726772542693383,0.975,1.0,0.99928 
0.0003735207277132114,0.975,1.0,0.99929 
0.0003743642011570844,0.975,1.0,0.99929 
0.00037520767460095747,0.975,1.0,0.9993 
0.0003760511480448305,0.975,1.0,0.99933 
0.00037689462148870356,0.975,1.0,0.99934 
0.0003777380949325766,0.975,1.0,0.99934 
0.00037858156837644965,0.975,1.0,0.99934 
0.00037942504182032267,0.975,1.0,0.99934 
0.00038026851526419574,0.975,1.0,0.99935 
0.00038111198870806876,0.975,1.0,0.99935 
0.00038195546215194184,0.975,1.0,0.99937 
0.00038279893559581485,0.975,1.0,0.99937 
0.00038364240903968793,0.975,1.0,0.99937 
0.00038448588248356095,0.975,1.0,0.99937 
0.000385329355927434,0.975,1.0,0.99938 
0.00038617282937130704,0.975,1.0,0.99938 
0.0003870163028151801,0.975,1.0,0.99939 
0.00038785977625905313,0.975,1.0,0.99942 
0.0003887032497029262,0.975,1.0,0.99943 
0.0003895467231467992,0.975,1.0,0.99943 
0.0003903901965906723,0.975,1.0,0.99943 
0.0003912336700345453,0.975,1.0,0.99944 
0.0003920771434784184,0.975,1.0,0.99945 
0.0003929206169222914,0.975,1.0,0.99946 
0.0003937640903661645,0.975,1.0,0.99947 
0.0003946075638100375,0.975,1.0,0.99947 
0.0003954510372539106,0.975,1.0,0.99947 
0.0003962945106977836,0.975,1.0,0.99948 
0.00039713798414165667,1.0,1.0,0.9995 
0.0003979814575855297,1.0,1.0,0.99951 
0.00039882493102940276,1.0,1.0,0.99952 
0.0003996684044732758,1.0,1.0,0.99953 
0.00040051187791714885,1.0,1.0,0.99953 
0.00040135535136102187,1.0,1.0,0.99954 
0.00040219882480489494,1.0,1.0,0.99954 
0.00040304229824876796,1.0,1.0,0.99954 
0.00040388577169264104,1.0,1.0,0.99955 
0.00040472924513651405,1.0,1.0,0.99956 
0.00040557271858038713,1.0,1.0,0.99956 
0.00040641619202426015,1.0,1.0,0.99956 
0.0004072596654681332,1.0,1.0,0.99957 
0.00040810313891200624,1.0,1.0,0.99957 
0.0004089466123558793,1.0,1.0,0.99958 
0.00040979008579975233,1.0,1.0,0.99958 
0.0004106335592436254,1.0,1.0,0.99959 
0.0004114770326874984,1.0,1.0,0.99959 
0.0004123205061313715,1.0,1.0,0.99959 
0.0004131639795752445,1.0,1.0,0.99959 
0.0004140074530191176,1.0,1.0,0.99959 
0.0004148509264629906,1.0,1.0,0.99959 
0.0004156943999068637,1.0,1.0,0.99959 
0.0004165378733507367,1.0,1.0,0.9996 
0.0004173813467946098,1.0,1.0,0.99961 
0.0004182248202384828,1.0,1.0,0.99961 
0.00041906829368235587,1.0,1.0,0.99961 
0.0004199117671262289,1.0,1.0,0.99961 
0.00042075524057010196,1.0,1.0,0.99962 
0.000421598714013975,1.0,1.0,0.99962 
0.00042244218745784805,1.0,1.0,0.99962 
0.00042328566090172107,1.0,1.0,0.99962 
0.00042412913434559414,1.0,1.0,0.99962 
0.00042497260778946716,1.0,1.0,0.99962 
0.00042581608123334024,1.0,1.0,0.99962 
0.00042665955467721325,1.0,1.0,0.99962 
0.00042750302812108633,1.0,1.0,0.99963 
0.00042834650156495935,1.0,1.0,0.99963 
0.0004291899750088324,1.0,1.0,0.99963 
0.00043003344845270544,1.0,1.0,0.99964 
0.0004308769218965785,1.0,1.0,0.99964 
0.00043172039534045153,1.0,1.0,0.99964 
0.0004325638687843246,1.0,1.0,0.99965 
0.0004334073422281976,1.0,1.0,0.99965 
0.0004342508156720707,1.0,1.0,0.99965 
0.0004350942891159437,1.0,1.0,0.99965 
0.0004359377625598168,1.0,1.0,0.99965 
