x,eeg_cdf,wishart_cdf,t_wishart_cdf 
7.315789916945497e-06,0.0,0.0,0.00258 
8.081950654876508e-06,0.0,0.0,0.00433 
8.848111392807517e-06,0.025,0.0,0.007 
9.614272130738528e-06,0.025,0.0,0.01035 
1.0380432868669537e-05,0.05,0.0,0.01473 
1.1146593606600548e-05,0.075,0.0,0.02006 
1.1912754344531559e-05,0.075,0.0,0.02636 
1.2678915082462568e-05,0.1,0.0,0.03383 
1.3445075820393577e-05,0.125,0.0,0.04231 
1.4211236558324588e-05,0.125,0.0,0.05154 
1.49773972962556e-05,0.15,0.0,0.06194 
1.574355803418661e-05,0.15,0.0,0.07328 
1.6509718772117618e-05,0.15,0.0,0.08498 
1.727587951004863e-05,0.15,0.0,0.09765 
1.804204024797964e-05,0.2,0.0,0.10999 
1.8808200985910647e-05,0.2,0.0,0.12444 
1.957436172384166e-05,0.2,0.0,0.13883 
2.034052246177267e-05,0.2,0.0,0.15286 
2.110668319970368e-05,0.2,0.0,0.16835 
2.187284393763469e-05,0.2,0.0,0.18296 
2.26390046755657e-05,0.225,0.0,0.19815 
2.340516541349671e-05,0.225,0.0,0.21359 
2.417132615142772e-05,0.25,0.0,0.22984 
2.493748688935873e-05,0.25,2e-05,0.24542 
2.5703647627289742e-05,0.275,5e-05,0.26144 
2.6469808365220753e-05,0.275,6e-05,0.27679 
2.723596910315176e-05,0.35,0.00023,0.29244 
2.800212984108277e-05,0.35,0.00049,0.30857 
2.8768290579013782e-05,0.375,0.00097,0.32328 
2.9534451316944793e-05,0.375,0.00167,0.3383 
3.03006120548758e-05,0.375,0.00313,0.35392 
3.1066772792806815e-05,0.4,0.00545,0.36905 
3.183293353073782e-05,0.425,0.00941,0.38374 
3.259909426866883e-05,0.425,0.01504,0.39801 
3.3365255006599844e-05,0.425,0.02328,0.41244 
3.413141574453085e-05,0.425,0.03596,0.42629 
3.4897576482461866e-05,0.425,0.05292,0.44015 
3.5663737220392874e-05,0.45,0.07339,0.45381 
3.642989795832388e-05,0.45,0.10012,0.46639 
3.719605869625489e-05,0.45,0.13225,0.47966 
3.796221943418591e-05,0.45,0.17047,0.49263 
3.872838017211692e-05,0.475,0.21364,0.50479 
3.9494540910047925e-05,0.5,0.26133,0.51723 
4.026070164797893e-05,0.5,0.31374,0.52868 
4.102686238590994e-05,0.5,0.36832,0.53989 
4.179302312384096e-05,0.5,0.42464,0.55112 
4.255918386177197e-05,0.5,0.48051,0.56256 
4.3325344599702976e-05,0.5,0.53635,0.57387 
4.4091505337633984e-05,0.525,0.59164,0.58436 
4.485766607556499e-05,0.525,0.64527,0.59459 
4.562382681349601e-05,0.525,0.69417,0.60486 
4.638998755142702e-05,0.525,0.73877,0.61471 
4.715614828935803e-05,0.55,0.77973,0.62422 
4.7922309027289035e-05,0.55,0.81616,0.63309 
4.868846976522004e-05,0.55,0.84737,0.64236 
4.945463050315105e-05,0.575,0.87478,0.65161 
5.022079124108207e-05,0.575,0.89891,0.65985 
5.098695197901308e-05,0.575,0.91901,0.66819 
5.1753112716944086e-05,0.575,0.9357,0.67609 
5.2519273454875094e-05,0.575,0.94954,0.68374 
5.32854341928061e-05,0.575,0.9604,0.6913 
5.405159493073712e-05,0.6,0.9691,0.69909 
5.481775566866813e-05,0.65,0.97624,0.70665 
5.558391640659914e-05,0.65,0.98169,0.71377 
5.6350077144530145e-05,0.65,0.98656,0.72079 
5.711623788246115e-05,0.65,0.98987,0.72722 
5.788239862039217e-05,0.65,0.99246,0.73371 
5.864855935832318e-05,0.65,0.99441,0.74032 
5.941472009625419e-05,0.65,0.99599,0.74626 
6.0180880834185196e-05,0.675,0.99705,0.75234 
6.0947041572116203e-05,0.675,0.99777,0.75841 
6.171320231004722e-05,0.7,0.99839,0.76402 
6.247936304797823e-05,0.725,0.99886,0.76948 
6.324552378590924e-05,0.75,0.99916,0.7749 
6.401168452384025e-05,0.75,0.99944,0.78049 
6.477784526177125e-05,0.75,0.99963,0.78582 
6.554400599970228e-05,0.75,0.99972,0.791 
6.631016673763328e-05,0.75,0.99976,0.79574 
6.707632747556429e-05,0.75,0.9998,0.80041 
6.78424882134953e-05,0.775,0.99985,0.80505 
6.860864895142632e-05,0.775,0.99989,0.81005 
6.937480968935733e-05,0.775,0.99993,0.81427 
7.014097042728833e-05,0.775,0.99995,0.81825 
7.090713116521934e-05,0.775,0.99996,0.82253 
7.167329190315035e-05,0.775,0.99996,0.82665 
7.243945264108137e-05,0.775,0.99998,0.83029 
7.320561337901238e-05,0.775,0.99999,0.83412 
7.397177411694339e-05,0.775,0.99999,0.83796 
7.473793485487439e-05,0.775,0.99999,0.84175 
7.55040955928054e-05,0.775,1.0,0.84523 
7.627025633073642e-05,0.775,1.0,0.84866 
7.703641706866743e-05,0.775,1.0,0.85202 
7.780257780659844e-05,0.775,1.0,0.85547 
7.856873854452944e-05,0.775,1.0,0.85889 
7.933489928246045e-05,0.775,1.0,0.86204 
8.010106002039147e-05,0.775,1.0,0.86502 
8.086722075832248e-05,0.775,1.0,0.86801 
8.163338149625349e-05,0.775,1.0,0.87099 
8.23995422341845e-05,0.775,1.0,0.87377 
8.31657029721155e-05,0.775,1.0,0.87642 
8.393186371004652e-05,0.775,1.0,0.87916 
8.469802444797753e-05,0.775,1.0,0.88149 
8.546418518590854e-05,0.8,1.0,0.8838 
8.623034592383955e-05,0.8,1.0,0.88643 
8.699650666177055e-05,0.8,1.0,0.88868 
8.776266739970158e-05,0.8,1.0,0.89086 
8.852882813763258e-05,0.8,1.0,0.89294 
8.929498887556359e-05,0.8,1.0,0.89539 
9.00611496134946e-05,0.8,1.0,0.89752 
9.08273103514256e-05,0.8,1.0,0.89972 
9.159347108935661e-05,0.8,1.0,0.90174 
9.235963182728763e-05,0.8,1.0,0.90367 
9.312579256521864e-05,0.825,1.0,0.90551 
9.389195330314965e-05,0.825,1.0,0.90744 
9.465811404108066e-05,0.85,1.0,0.90931 
9.542427477901166e-05,0.875,1.0,0.91117 
9.619043551694269e-05,0.875,1.0,0.91287 
9.695659625487369e-05,0.875,1.0,0.91435 
9.77227569928047e-05,0.875,1.0,0.91611 
9.848891773073571e-05,0.875,1.0,0.91788 
9.925507846866672e-05,0.875,1.0,0.91955 
0.00010002123920659774,0.875,1.0,0.92123 
0.00010078739994452874,0.875,1.0,0.92289 
0.00010155356068245975,0.875,1.0,0.92453 
0.00010231972142039076,0.875,1.0,0.92609 
0.00010308588215832177,0.875,1.0,0.92753 
0.00010385204289625279,0.875,1.0,0.92913 
0.0001046182036341838,0.875,1.0,0.93063 
0.0001053843643721148,0.875,1.0,0.93202 
0.00010615052511004581,0.9,1.0,0.93337 
0.00010691668584797682,0.9,1.0,0.93445 
0.00010768284658590784,0.9,1.0,0.93543 
0.00010844900732383885,0.9,1.0,0.93663 
0.00010921516806176985,0.9,1.0,0.93791 
0.00010998132879970086,0.925,1.0,0.9392 
0.00011074748953763187,0.925,1.0,0.94054 
0.00011151365027556289,0.95,1.0,0.94166 
0.0001122798110134939,0.95,1.0,0.94308 
0.0001130459717514249,0.95,1.0,0.94419 
0.00011381213248935591,0.95,1.0,0.94517 
0.00011457829322728692,0.95,1.0,0.94624 
0.00011534445396521794,0.95,1.0,0.94714 
0.00011611061470314895,0.95,1.0,0.94806 
0.00011687677544107996,0.95,1.0,0.94895 
0.00011764293617901096,0.95,1.0,0.94991 
0.00011840909691694197,0.95,1.0,0.9508 
0.00011917525765487299,0.95,1.0,0.95165 
0.000119941418392804,0.95,1.0,0.9524 
0.00012070757913073501,0.95,1.0,0.9532 
0.00012147373986866602,0.95,1.0,0.95419 
0.000122239900606597,0.95,1.0,0.955 
0.00012300606134452803,0.95,1.0,0.95583 
0.00012377222208245905,0.95,1.0,0.95669 
0.00012453838282039005,0.95,1.0,0.95745 
0.00012530454355832107,0.95,1.0,0.95811 
0.00012607070429625206,0.95,1.0,0.95881 
0.00012683686503418308,0.95,1.0,0.95973 
0.0001276030257721141,0.95,1.0,0.9604 
0.0001283691865100451,0.95,1.0,0.96103 
0.00012913534724797612,0.95,1.0,0.96171 
0.00012990150798590714,0.95,1.0,0.9624 
0.00013066766872383813,0.95,1.0,0.96313 
0.00013143382946176915,0.95,1.0,0.96377 
0.00013219999019970015,0.95,1.0,0.96442 
0.00013296615093763117,0.95,1.0,0.96509 
0.0001337323116755622,0.95,1.0,0.96568 
0.00013449847241349318,0.95,1.0,0.96616 
0.0001352646331514242,0.95,1.0,0.96667 
0.0001360307938893552,0.95,1.0,0.96724 
0.00013679695462728622,0.95,1.0,0.96778 
0.00013756311536521724,0.95,1.0,0.96837 
0.00013832927610314823,0.95,1.0,0.96891 
0.00013909543684107926,0.95,1.0,0.96948 
0.00013986159757901025,0.95,1.0,0.97017 
0.00014062775831694127,0.95,1.0,0.97055 
0.0001413939190548723,0.95,1.0,0.97109 
0.00014216007979280329,0.95,1.0,0.97169 
0.0001429262405307343,0.95,1.0,0.97228 
0.0001436924012686653,0.95,1.0,0.97281 
0.00014445856200659632,0.95,1.0,0.97325 
0.00014522472274452734,0.95,1.0,0.97374 
0.00014599088348245834,0.95,1.0,0.97423 
0.00014675704422038936,0.95,1.0,0.97454 
0.00014752320495832035,0.95,1.0,0.97496 
0.00014828936569625137,0.95,1.0,0.97536 
0.0001490555264341824,0.95,1.0,0.97576 
0.0001498216871721134,0.95,1.0,0.97613 
0.0001505878479100444,0.95,1.0,0.97654 
0.0001513540086479754,0.95,1.0,0.97697 
0.00015212016938590642,0.95,1.0,0.97736 
0.00015288633012383745,0.95,1.0,0.97766 
0.00015365249086176844,0.95,1.0,0.97798 
0.00015441865159969946,0.95,1.0,0.97825 
0.00015518481233763045,0.95,1.0,0.97854 
0.00015595097307556148,0.95,1.0,0.97883 
0.0001567171338134925,0.95,1.0,0.97922 
0.0001574832945514235,0.95,1.0,0.97961 
0.0001582494552893545,0.95,1.0,0.97989 
0.0001590156160272855,0.95,1.0,0.98013 
0.00015978177676521653,0.95,1.0,0.98046 
0.00016054793750314755,0.95,1.0,0.98073 
0.00016131409824107854,0.95,1.0,0.98104 
0.00016208025897900956,0.95,1.0,0.98132 
0.00016284641971694056,0.95,1.0,0.98164 
0.00016361258045487158,0.95,1.0,0.98202 
0.0001643787411928026,0.95,1.0,0.98228 
0.0001651449019307336,0.95,1.0,0.98248 
0.00016591106266866461,0.95,1.0,0.9827 
0.0001666772234065956,0.95,1.0,0.98289 
0.00016744338414452663,0.95,1.0,0.98307 
0.00016820954488245765,0.95,1.0,0.9833 
0.00016897570562038864,0.95,1.0,0.98365 
0.00016974186635831967,0.95,1.0,0.98394 
0.00017050802709625066,0.95,1.0,0.98409 
0.00017127418783418168,0.95,1.0,0.98437 
0.00017204034857211267,0.95,1.0,0.98452 
0.0001728065093100437,0.95,1.0,0.98476 
0.00017357267004797472,0.95,1.0,0.98505 
0.0001743388307859057,0.95,1.0,0.98533 
0.00017510499152383673,0.95,1.0,0.98553 
0.00017587115226176773,0.95,1.0,0.98569 
0.00017663731299969875,0.95,1.0,0.98586 
0.00017740347373762977,0.95,1.0,0.98608 
0.00017816963447556076,0.95,1.0,0.98618 
0.00017893579521349178,0.95,1.0,0.98643 
0.00017970195595142278,0.95,1.0,0.98661 
0.0001804681166893538,0.95,1.0,0.98683 
0.00018123427742728482,0.95,1.0,0.98703 
0.0001820004381652158,0.95,1.0,0.98722 
0.00018276659890314683,0.95,1.0,0.98739 
0.00018353275964107783,0.95,1.0,0.98758 
0.00018429892037900885,0.95,1.0,0.9877 
0.00018506508111693987,0.95,1.0,0.98787 
0.00018583124185487086,0.95,1.0,0.98803 
0.00018659740259280189,0.95,1.0,0.98817 
0.00018736356333073288,0.975,1.0,0.98833 
0.0001881297240686639,0.975,1.0,0.98851 
0.00018889588480659492,0.975,1.0,0.98872 
0.00018966204554452592,0.975,1.0,0.9889 
0.00019042820628245694,0.975,1.0,0.98912 
0.00019119436702038793,0.975,1.0,0.98921 
0.00019196052775831895,0.975,1.0,0.98933 
0.00019272668849624997,0.975,1.0,0.98945 
0.00019349284923418097,0.975,1.0,0.98961 
0.000194259009972112,0.975,1.0,0.98976 
0.00019502517071004298,0.975,1.0,0.98987 
0.000195791331447974,0.975,1.0,0.99001 
0.00019655749218590502,0.975,1.0,0.99015 
0.00019732365292383602,0.975,1.0,0.99027 
0.00019808981366176704,0.975,1.0,0.99041 
0.00019885597439969803,0.975,1.0,0.99053 
0.00019962213513762905,0.975,1.0,0.99063 
0.00020038829587556008,0.975,1.0,0.99075 
0.00020115445661349107,0.975,1.0,0.99081 
0.0002019206173514221,0.975,1.0,0.99095 
0.00020268677808935308,0.975,1.0,0.99114 
0.0002034529388272841,0.975,1.0,0.99124 
0.00020421909956521513,0.975,1.0,0.99139 
0.00020498526030314612,0.975,1.0,0.9915 
0.00020575142104107714,0.975,1.0,0.99159 
0.00020651758177900814,0.975,1.0,0.99168 
0.00020728374251693916,0.975,1.0,0.99177 
0.00020804990325487018,0.975,1.0,0.9919 
0.00020881606399280117,0.975,1.0,0.99201 
0.0002095822247307322,0.975,1.0,0.9921 
0.0002103483854686632,0.975,1.0,0.99229 
0.0002111145462065942,0.975,1.0,0.99236 
0.00021188070694452523,0.975,1.0,0.99243 
0.00021264686768245622,0.975,1.0,0.99253 
0.00021341302842038724,0.975,1.0,0.99262 
0.00021417918915831824,0.975,1.0,0.99272 
0.00021494534989624926,0.975,1.0,0.99278 
0.00021571151063418028,0.975,1.0,0.9929 
0.00021647767137211127,0.975,1.0,0.99295 
0.0002172438321100423,0.975,1.0,0.99307 
0.0002180099928479733,0.975,1.0,0.99313 
0.0002187761535859043,0.975,1.0,0.99326 
0.00021954231432383533,0.975,1.0,0.99333 
0.00022030847506176633,0.975,1.0,0.9934 
0.00022107463579969735,0.975,1.0,0.99348 
0.00022184079653762834,0.975,1.0,0.99363 
0.00022260695727555936,0.975,1.0,0.99367 
0.00022337311801349038,0.975,1.0,0.99377 
0.00022413927875142138,0.975,1.0,0.99385 
0.0002249054394893524,0.975,1.0,0.99393 
0.0002256716002272834,0.975,1.0,0.99399 
0.0002264377609652144,0.975,1.0,0.99403 
0.00022720392170314543,0.975,1.0,0.99415 
0.00022797008244107643,0.975,1.0,0.99424 
0.00022873624317900745,0.975,1.0,0.99431 
0.00022950240391693844,0.975,1.0,0.99436 
0.00023026856465486946,0.975,1.0,0.99442 
0.00023103472539280048,0.975,1.0,0.99448 
0.00023180088613073148,0.975,1.0,0.99453 
0.0002325670468686625,0.975,1.0,0.9946 
0.0002333332076065935,0.975,1.0,0.99468 
0.00023409936834452451,0.975,1.0,0.99475 
0.00023486552908245554,0.975,1.0,0.99479 
0.00023563168982038653,0.975,1.0,0.99484 
0.00023639785055831755,0.975,1.0,0.99489 
0.00023716401129624854,0.975,1.0,0.99494 
0.00023793017203417957,0.975,1.0,0.99503 
0.00023869633277211056,0.975,1.0,0.99508 
0.00023946249351004158,0.975,1.0,0.99512 
0.0002402286542479726,0.975,1.0,0.99521 
0.0002409948149859036,0.975,1.0,0.99527 
0.00024176097572383462,0.975,1.0,0.99532 
0.0002425271364617656,0.975,1.0,0.99539 
0.00024329329719969663,0.975,1.0,0.99546 
0.00024405945793762765,0.975,1.0,0.99549 
0.00024482561867555865,0.975,1.0,0.99561 
0.00024559177941348967,0.975,1.0,0.99567 
0.00024635794015142064,0.975,1.0,0.99574 
0.00024712410088935166,0.975,1.0,0.99578 
0.0002478902616272827,0.975,1.0,0.99581 
0.0002486564223652137,0.975,1.0,0.99589 
0.0002494225831031447,0.975,1.0,0.99592 
0.0002501887438410757,0.975,1.0,0.99594 
0.0002509549045790067,0.975,1.0,0.996 
0.00025172106531693773,0.975,1.0,0.99606 
0.00025248722605486875,0.975,1.0,0.99608 
0.0002532533867927997,0.975,1.0,0.99611 
0.00025401954753073074,0.975,1.0,0.99615 
0.00025478570826866176,0.975,1.0,0.99619 
0.0002555518690065928,0.975,1.0,0.99622 
0.0002563180297445238,0.975,1.0,0.99628 
0.00025708419048245477,0.975,1.0,0.99631 
0.0002578503512203858,0.975,1.0,0.99633 
0.0002586165119583168,0.975,1.0,0.99639 
0.00025938267269624783,0.975,1.0,0.99645 
0.00026014883343417885,0.975,1.0,0.99647 
0.0002609149941721098,0.975,1.0,0.99652 
0.00026168115491004084,0.975,1.0,0.99658 
0.00026244731564797186,0.975,1.0,0.99661 
0.0002632134763859029,0.975,1.0,0.99668 
0.0002639796371238339,0.975,1.0,0.9967 
0.00026474579786176487,0.975,1.0,0.99675 
0.0002655119585996959,0.975,1.0,0.99676 
0.0002662781193376269,0.975,1.0,0.9968 
0.00026704428007555793,0.975,1.0,0.99684 
0.00026781044081348895,0.975,1.0,0.99687 
0.0002685766015514199,0.975,1.0,0.99688 
0.00026934276228935094,0.975,1.0,0.99691 
0.00027010892302728196,0.975,1.0,0.99694 
0.000270875083765213,0.975,1.0,0.99695 
0.000271641244503144,0.975,1.0,0.99696 
0.00027240740524107497,0.975,1.0,0.99698 
0.000273173565979006,0.975,1.0,0.99702 
0.000273939726716937,0.975,1.0,0.99706 
0.00027470588745486804,0.975,1.0,0.99707 
0.00027547204819279906,0.975,1.0,0.99709 
0.00027623820893073,0.975,1.0,0.9971 
0.00027700436966866104,0.975,1.0,0.99712 
0.00027777053040659207,0.975,1.0,0.99715 
0.0002785366911445231,0.975,1.0,0.99717 
0.0002793028518824541,0.975,1.0,0.99719 
0.0002800690126203851,0.975,1.0,0.99723 
0.0002808351733583161,0.975,1.0,0.99724 
0.0002816013340962471,0.975,1.0,0.99725 
0.00028236749483417814,0.975,1.0,0.99728 
0.00028313365557210916,0.975,1.0,0.9973 
0.0002838998163100401,0.975,1.0,0.99734 
0.00028466597704797115,0.975,1.0,0.99737 
0.00028543213778590217,0.975,1.0,0.99738 
0.0002861982985238332,0.975,1.0,0.9974 
0.0002869644592617642,0.975,1.0,0.99742 
0.0002877306199996952,0.975,1.0,0.99744 
0.0002884967807376262,0.975,1.0,0.99748 
0.0002892629414755572,0.975,1.0,0.99748 
0.00029002910221348824,0.975,1.0,0.9975 
0.00029079526295141926,0.975,1.0,0.99753 
0.00029156142368935023,0.975,1.0,0.99754 
0.00029232758442728125,0.975,1.0,0.99756 
0.00029309374516521227,0.975,1.0,0.99757 
0.0002938599059031433,0.975,1.0,0.99758 
0.0002946260666410743,0.975,1.0,0.99762 
0.0002953922273790053,0.975,1.0,0.99763 
0.0002961583881169363,0.975,1.0,0.99767 
0.0002969245488548673,0.975,1.0,0.99767 
0.00029769070959279834,0.975,1.0,0.99769 
0.00029845687033072936,0.975,1.0,0.9977 
0.00029922303106866033,0.975,1.0,0.99772 
0.00029998919180659135,0.975,1.0,0.99772 
0.0003007553525445224,0.975,1.0,0.99772 
0.0003015215132824534,0.975,1.0,0.99773 
0.0003022876740203844,0.975,1.0,0.99775 
0.0003030538347583154,0.975,1.0,0.99778 
0.0003038199954962464,0.975,1.0,0.99779 
0.0003045861562341774,0.975,1.0,0.99781 
0.00030535231697210845,0.975,1.0,0.99784 
0.00030611847771003947,0.975,1.0,0.99787 
0.00030688463844797043,0.975,1.0,0.9979 
0.00030765079918590145,0.975,1.0,0.99795 
0.0003084169599238325,0.975,1.0,0.99798 
0.0003091831206617635,0.975,1.0,0.998 
0.0003099492813996945,0.975,1.0,0.99801 
0.0003107154421376255,0.975,1.0,0.99805 
0.0003114816028755565,0.975,1.0,0.99809 
0.0003122477636134875,0.975,1.0,0.99811 
0.00031301392435141855,0.975,1.0,0.99812 
0.00031378008508934957,0.975,1.0,0.99815 
0.00031454624582728054,0.975,1.0,0.99818 
0.00031531240656521156,0.975,1.0,0.99822 
0.0003160785673031426,0.975,1.0,0.99823 
0.0003168447280410736,0.975,1.0,0.99823 
0.0003176108887790046,0.975,1.0,0.99826 
0.0003183770495169356,0.975,1.0,0.99827 
0.0003191432102548666,0.975,1.0,0.99827 
0.00031990937099279763,0.975,1.0,0.99828 
0.00032067553173072865,0.975,1.0,0.99829 
0.00032144169246865967,0.975,1.0,0.99829 
0.00032220785320659064,0.975,1.0,0.9983 
0.00032297401394452166,0.975,1.0,0.99831 
0.0003237401746824527,0.975,1.0,0.99834 
0.0003245063354203837,0.975,1.0,0.99834 
0.0003252724961583147,0.975,1.0,0.99836 
0.0003260386568962457,0.975,1.0,0.99839 
0.0003268048176341767,0.975,1.0,0.9984 
0.00032757097837210773,0.975,1.0,0.99841 
0.00032833713911003875,0.975,1.0,0.99843 
0.0003291032998479698,0.975,1.0,0.99846 
0.00032986946058590074,0.975,1.0,0.99848 
0.00033063562132383176,0.975,1.0,0.99848 
0.0003314017820617628,0.975,1.0,0.99853 
0.0003321679427996938,0.975,1.0,0.99857 
0.0003329341035376248,0.975,1.0,0.99858 
0.0003337002642755558,0.975,1.0,0.9986 
0.0003344664250134868,0.975,1.0,0.9986 
0.00033523258575141783,0.975,1.0,0.99862 
0.00033599874648934885,0.975,1.0,0.99864 
0.0003367649072272798,0.975,1.0,0.99864 
0.00033753106796521084,0.975,1.0,0.99867 
0.00033829722870314186,0.975,1.0,0.99871 
0.0003390633894410729,0.975,1.0,0.99873 
0.0003398295501790039,0.975,1.0,0.99873 
0.0003405957109169349,0.975,1.0,0.99873 
0.0003413618716548659,0.975,1.0,0.99875 
0.0003421280323927969,0.975,1.0,0.99877 
0.00034289419313072794,0.975,1.0,0.99878 
0.00034366035386865896,0.975,1.0,0.9988 
0.0003444265146065899,0.975,1.0,0.99883 
0.00034519267534452095,0.975,1.0,0.99884 
0.00034595883608245197,0.975,1.0,0.99885 
0.000346724996820383,0.975,1.0,0.99885 
0.000347491157558314,0.975,1.0,0.99886 
0.000348257318296245,0.975,1.0,0.99886 
0.000349023479034176,0.975,1.0,0.99889 
0.000349789639772107,0.975,1.0,0.9989 
0.00035055580051003804,0.975,1.0,0.9989 
0.00035132196124796906,0.975,1.0,0.99892 
0.0003520881219859,0.975,1.0,0.99893 
0.00035285428272383105,0.975,1.0,0.99894 
0.00035362044346176207,0.975,1.0,0.99894 
0.0003543866041996931,1.0,1.0,0.99896 
0.0003551527649376241,1.0,1.0,0.99899 
0.0003559189256755551,1.0,1.0,0.99899 
0.0003566850864134861,1.0,1.0,0.99899 
0.0003574512471514171,1.0,1.0,0.99901 
0.00035821740788934814,1.0,1.0,0.99901 
0.00035898356862727916,1.0,1.0,0.99903 
0.00035974972936521013,1.0,1.0,0.99903 
0.00036051589010314115,1.0,1.0,0.99905 
0.00036128205084107217,1.0,1.0,0.99906 
0.0003620482115790032,1.0,1.0,0.99906 
0.0003628143723169342,1.0,1.0,0.99906 
0.0003635805330548652,1.0,1.0,0.99908 
0.0003643466937927962,1.0,1.0,0.9991 
0.0003651128545307272,1.0,1.0,0.99911 
0.00036587901526865824,1.0,1.0,0.99912 
0.00036664517600658926,1.0,1.0,0.99912 
0.00036741133674452023,1.0,1.0,0.99912 
0.00036817749748245125,1.0,1.0,0.99913 
0.0003689436582203823,1.0,1.0,0.99915 
0.0003697098189583133,1.0,1.0,0.99916 
0.0003704759796962443,1.0,1.0,0.99919 
0.0003712421404341753,1.0,1.0,0.99919 
0.0003720083011721063,1.0,1.0,0.9992 
0.0003727744619100373,1.0,1.0,0.9992 
0.00037354062264796835,1.0,1.0,0.9992 
0.00037430678338589937,1.0,1.0,0.9992 
0.00037507294412383033,1.0,1.0,0.99921 
0.00037583910486176135,1.0,1.0,0.99922 
0.0003766052655996924,1.0,1.0,0.99923 
0.0003773714263376234,1.0,1.0,0.99923 
0.0003781375870755544,1.0,1.0,0.99923 
0.0003789037478134854,1.0,1.0,0.99923 
0.0003796699085514164,1.0,1.0,0.99924 
0.0003804360692893474,1.0,1.0,0.99926 
0.00038120223002727845,1.0,1.0,0.99928 
0.00038196839076520947,1.0,1.0,0.99929 
0.00038273455150314044,1.0,1.0,0.9993 
0.00038350071224107146,1.0,1.0,0.9993 
0.0003842668729790025,1.0,1.0,0.9993 
0.0003850330337169335,1.0,1.0,0.9993 
0.0003857991944548645,1.0,1.0,0.99931 
0.0003865653551927955,1.0,1.0,0.99931 
0.0003873315159307265,1.0,1.0,0.99932 
0.00038809767666865753,1.0,1.0,0.99935 
0.00038886383740658855,1.0,1.0,0.99936 
0.00038962999814451957,1.0,1.0,0.99936 
