x,eeg_cdf,wishart_cdf,t_wishart_cdf 
4.6664920739845425e-06,0.0,0.0,0.00259 
5.252179841083881e-06,0.025,0.0,0.00541 
5.837867608183219e-06,0.025,0.0,0.00918 
6.423555375282558e-06,0.025,0.0,0.01452 
7.009243142381896e-06,0.075,0.0,0.02143 
7.594930909481234e-06,0.1,0.0,0.02952 
8.180618676580574e-06,0.125,0.0,0.0393 
8.76630644367991e-06,0.15,0.0,0.05095 
9.35199421077925e-06,0.15,0.0,0.06397 
9.937681977878588e-06,0.15,0.0,0.07763 
1.0523369744977925e-05,0.15,0.0,0.09341 
1.1109057512077266e-05,0.15,0.0,0.10896 
1.1694745279176603e-05,0.2,0.0,0.12531 
1.2280433046275941e-05,0.2,0.0,0.14266 
1.286612081337528e-05,0.225,0.0,0.16113 
1.3451808580474617e-05,0.25,0.0,0.17888 
1.4037496347573957e-05,0.25,1e-05,0.19731 
1.4623184114673294e-05,0.25,3e-05,0.21595 
1.5208871881772635e-05,0.25,7e-05,0.23483 
1.5794559648871972e-05,0.25,0.00013,0.25425 
1.638024741597131e-05,0.3,0.00036,0.27344 
1.696593518307065e-05,0.3,0.00082,0.29274 
1.7551622950169986e-05,0.325,0.00188,0.31179 
1.8137310717269327e-05,0.35,0.0038,0.33054 
1.8722998484368664e-05,0.375,0.00708,0.34842 
1.9308686251468e-05,0.375,0.01248,0.36693 
1.989437401856734e-05,0.425,0.02091,0.38528 
2.0480061785666678e-05,0.425,0.03303,0.40246 
2.1065749552766015e-05,0.425,0.05061,0.42055 
2.1651437319865355e-05,0.425,0.07391,0.43787 
2.2237125086964692e-05,0.425,0.10255,0.45395 
2.2822812854064033e-05,0.425,0.13851,0.47001 
2.340850062116337e-05,0.425,0.18128,0.48612 
2.3994188388262707e-05,0.425,0.23033,0.5017 
2.4579876155362047e-05,0.475,0.28592,0.51589 
2.5165563922461384e-05,0.475,0.3438,0.53049 
2.5751251689560725e-05,0.475,0.40387,0.54466 
2.633693945666006e-05,0.475,0.4657,0.55787 
2.69226272237594e-05,0.5,0.52767,0.57126 
2.750831499085874e-05,0.5,0.58682,0.58372 
2.8094002757958076e-05,0.5,0.6438,0.59638 
2.8679690525057416e-05,0.5,0.69732,0.60889 
2.9265378292156753e-05,0.5,0.74511,0.62107 
2.985106605925609e-05,0.5,0.78866,0.63191 
3.043675382635543e-05,0.5,0.82563,0.64243 
3.102244159345477e-05,0.55,0.85902,0.65267 
3.160812936055411e-05,0.55,0.88638,0.66339 
3.2193817127653445e-05,0.575,0.90891,0.67337 
3.277950489475279e-05,0.575,0.92797,0.68246 
3.3365192661852126e-05,0.575,0.94374,0.69176 
3.395088042895146e-05,0.6,0.95606,0.70094 
3.45365681960508e-05,0.6,0.96642,0.71018 
3.512225596315014e-05,0.625,0.97437,0.71872 
3.570794373024948e-05,0.625,0.98056,0.72713 
3.629363149734882e-05,0.625,0.98563,0.73502 
3.6879319264448155e-05,0.625,0.98933,0.74251 
3.746500703154749e-05,0.625,0.99223,0.74959 
3.8050694798646836e-05,0.625,0.99439,0.75722 
3.863638256574617e-05,0.65,0.99592,0.76449 
3.922207033284551e-05,0.65,0.997,0.77101 
3.980775809994485e-05,0.65,0.99799,0.77774 
4.0393445867044184e-05,0.65,0.99857,0.78473 
4.097913363414353e-05,0.65,0.9991,0.79104 
4.1564821401242864e-05,0.675,0.99938,0.79658 
4.21505091683422e-05,0.675,0.99963,0.80244 
4.273619693544154e-05,0.675,0.99972,0.80802 
4.3321884702540875e-05,0.7,0.9998,0.81365 
4.390757246964022e-05,0.7,0.99984,0.81886 
4.4493260236739556e-05,0.75,0.9999,0.82363 
4.507894800383889e-05,0.775,0.99994,0.82869 
4.566463577093823e-05,0.775,0.99997,0.83366 
4.625032353803757e-05,0.775,0.99999,0.83855 
4.683601130513691e-05,0.775,0.99999,0.84296 
4.742169907223625e-05,0.775,0.99999,0.84696 
4.8007386839335585e-05,0.775,1.0,0.85119 
4.859307460643492e-05,0.775,1.0,0.85512 
4.917876237353426e-05,0.775,1.0,0.85901 
4.97644501406336e-05,0.775,1.0,0.86304 
5.035013790773294e-05,0.775,1.0,0.86706 
5.093582567483228e-05,0.775,1.0,0.87083 
5.1521513441931614e-05,0.775,1.0,0.87409 
5.210720120903095e-05,0.775,1.0,0.87742 
5.2692888976130295e-05,0.775,1.0,0.8804 
5.327857674322963e-05,0.8,1.0,0.88369 
5.386426451032897e-05,0.8,1.0,0.88671 
5.4449952277428306e-05,0.8,1.0,0.88968 
5.503564004452764e-05,0.8,1.0,0.89228 
5.5621327811626986e-05,0.8,1.0,0.8951 
5.6207015578726323e-05,0.8,1.0,0.89771 
5.679270334582566e-05,0.8,1.0,0.90049 
5.7378391112925e-05,0.8,1.0,0.90324 
5.7964078880024334e-05,0.8,1.0,0.90578 
5.854976664712368e-05,0.8,1.0,0.90832 
5.9135454414223015e-05,0.8,1.0,0.91066 
5.972114218132235e-05,0.8,1.0,0.91273 
6.030682994842169e-05,0.8,1.0,0.91484 
6.089251771552103e-05,0.825,1.0,0.9167 
6.147820548262036e-05,0.825,1.0,0.91874 
6.206389324971971e-05,0.825,1.0,0.92098 
6.264958101681904e-05,0.825,1.0,0.9228 
6.323526878391838e-05,0.825,1.0,0.92464 
6.382095655101772e-05,0.825,1.0,0.92632 
6.440664431811706e-05,0.825,1.0,0.92788 
6.49923320852164e-05,0.825,1.0,0.92997 
6.557801985231573e-05,0.85,1.0,0.9317 
6.616370761941507e-05,0.9,1.0,0.93332 
6.674939538651442e-05,0.9,1.0,0.93469 
6.733508315361375e-05,0.9,1.0,0.93617 
6.792077092071309e-05,0.9,1.0,0.93777 
6.850645868781243e-05,0.9,1.0,0.93904 
6.909214645491176e-05,0.925,1.0,0.94039 
6.967783422201111e-05,0.925,1.0,0.9417 
7.026352198911044e-05,0.925,1.0,0.9432 
7.084920975620978e-05,0.925,1.0,0.94436 
7.143489752330913e-05,0.95,1.0,0.94558 
7.202058529040846e-05,0.95,1.0,0.94666 
7.26062730575078e-05,0.95,1.0,0.94797 
7.319196082460713e-05,0.95,1.0,0.94898 
7.377764859170647e-05,0.95,1.0,0.95013 
7.436333635880582e-05,0.95,1.0,0.95125 
7.494902412590515e-05,0.95,1.0,0.95206 
7.553471189300449e-05,0.95,1.0,0.953 
7.612039966010382e-05,0.95,1.0,0.95417 
7.670608742720317e-05,0.95,1.0,0.95511 
7.729177519430251e-05,0.95,1.0,0.95612 
7.787746296140184e-05,0.95,1.0,0.957 
7.846315072850118e-05,0.95,1.0,0.95793 
7.904883849560051e-05,0.95,1.0,0.95892 
7.963452626269986e-05,0.95,1.0,0.95979 
8.02202140297992e-05,0.95,1.0,0.96059 
8.080590179689853e-05,0.95,1.0,0.96137 
8.139158956399788e-05,0.95,1.0,0.96214 
8.19772773310972e-05,0.95,1.0,0.96279 
8.256296509819655e-05,0.95,1.0,0.9636 
8.31486528652959e-05,0.95,1.0,0.96435 
8.373434063239522e-05,0.95,1.0,0.96525 
8.432002839949457e-05,0.95,1.0,0.96596 
8.49057161665939e-05,0.95,1.0,0.96673 
8.549140393369324e-05,0.95,1.0,0.96749 
8.607709170079259e-05,0.95,1.0,0.9682 
8.666277946789192e-05,0.95,1.0,0.96879 
8.724846723499126e-05,0.95,1.0,0.96955 
8.783415500209059e-05,0.95,1.0,0.97021 
8.841984276918993e-05,0.95,1.0,0.97092 
8.900553053628928e-05,0.95,1.0,0.97158 
8.959121830338861e-05,0.95,1.0,0.97219 
9.017690607048795e-05,0.95,1.0,0.97278 
9.076259383758728e-05,0.95,1.0,0.97332 
9.134828160468663e-05,0.95,1.0,0.97386 
9.193396937178597e-05,0.95,1.0,0.97446 
9.25196571388853e-05,0.95,1.0,0.97495 
9.310534490598464e-05,0.95,1.0,0.97542 
9.369103267308397e-05,0.95,1.0,0.97586 
9.427672044018332e-05,0.95,1.0,0.9763 
9.486240820728266e-05,0.95,1.0,0.97675 
9.544809597438199e-05,0.95,1.0,0.97727 
9.603378374148133e-05,0.95,1.0,0.97776 
9.661947150858066e-05,0.95,1.0,0.97816 
9.720515927568001e-05,0.95,1.0,0.97862 
9.779084704277935e-05,0.95,1.0,0.979 
9.837653480987868e-05,0.95,1.0,0.9794 
9.896222257697803e-05,0.95,1.0,0.9797 
9.954791034407736e-05,0.95,1.0,0.98007 
0.0001001335981111767,0.95,1.0,0.98049 
0.00010071928587827604,0.95,1.0,0.98069 
0.00010130497364537537,0.95,1.0,0.98106 
0.00010189066141247472,0.95,1.0,0.98146 
0.00010247634917957405,0.95,1.0,0.9818 
0.00010306203694667339,0.95,1.0,0.98208 
0.00010364772471377274,0.95,1.0,0.98246 
0.00010423341248087207,0.95,1.0,0.98282 
0.00010481910024797141,0.95,1.0,0.98307 
0.00010540478801507074,0.95,1.0,0.98331 
0.00010599047578217008,0.95,1.0,0.98359 
0.00010657616354926943,0.95,1.0,0.98378 
0.00010716185131636876,0.95,1.0,0.98411 
0.0001077475390834681,0.95,1.0,0.98433 
0.00010833322685056743,0.95,1.0,0.98466 
0.00010891891461766678,0.95,1.0,0.98492 
0.00010950460238476612,0.95,1.0,0.98521 
0.00011009029015186545,0.95,1.0,0.98551 
0.0001106759779189648,0.95,1.0,0.98576 
0.00011126166568606412,0.95,1.0,0.98594 
0.00011184735345316347,0.95,1.0,0.98619 
0.00011243304122026281,0.95,1.0,0.98646 
0.00011301872898736214,0.95,1.0,0.98668 
0.00011360441675446149,0.95,1.0,0.98697 
0.00011419010452156082,0.95,1.0,0.98717 
0.00011477579228866016,0.95,1.0,0.98738 
0.0001153614800557595,0.95,1.0,0.98757 
0.00011594716782285883,0.95,1.0,0.98778 
0.00011653285558995818,0.95,1.0,0.98801 
0.00011711854335705752,0.95,1.0,0.98823 
0.00011770423112415685,0.95,1.0,0.98844 
0.0001182899188912562,0.95,1.0,0.98868 
0.00011887560665835553,0.95,1.0,0.98886 
0.00011946129442545487,0.95,1.0,0.98902 
0.00012004698219255421,0.95,1.0,0.98923 
0.00012063266995965354,0.95,1.0,0.98938 
0.00012121835772675289,0.95,1.0,0.98959 
0.00012180404549385222,0.95,1.0,0.9898 
0.00012238973326095156,0.95,1.0,0.98997 
0.0001229754210280509,0.95,1.0,0.99017 
0.00012356110879515022,0.95,1.0,0.99041 
0.00012414679656224957,0.95,1.0,0.99057 
0.0001247324843293489,0.95,1.0,0.99069 
0.00012531817209644825,0.95,1.0,0.99083 
0.0001259038598635476,0.95,1.0,0.99092 
0.0001264895476306469,0.95,1.0,0.99108 
0.00012707523539774626,0.95,1.0,0.99116 
0.0001276609231648456,0.95,1.0,0.99135 
0.00012824661093194494,0.95,1.0,0.99155 
0.0001288322986990443,0.95,1.0,0.99169 
0.00012941798646614363,0.975,1.0,0.99185 
0.00013000367423324295,0.975,1.0,0.99198 
0.0001305893620003423,0.975,1.0,0.99207 
0.00013117504976744164,0.975,1.0,0.99221 
0.00013176073753454098,0.975,1.0,0.99239 
0.00013234642530164032,0.975,1.0,0.99251 
0.00013293211306873964,0.975,1.0,0.99259 
0.00013351780083583898,0.975,1.0,0.9927 
0.00013410348860293833,0.975,1.0,0.9928 
0.00013468917637003767,0.975,1.0,0.99293 
0.00013527486413713702,0.975,1.0,0.99305 
0.00013586055190423633,0.975,1.0,0.99313 
0.00013644623967133568,0.975,1.0,0.99321 
0.00013703192743843502,0.975,1.0,0.9933 
0.00013761761520553436,0.975,1.0,0.9934 
0.0001382033029726337,0.975,1.0,0.99352 
0.00013878899073973302,0.975,1.0,0.99362 
0.00013937467850683237,0.975,1.0,0.99374 
0.0001399603662739317,0.975,1.0,0.99382 
0.00014054605404103106,0.975,1.0,0.99387 
0.0001411317418081304,0.975,1.0,0.99396 
0.00014171742957522972,0.975,1.0,0.99405 
0.00014230311734232906,0.975,1.0,0.99413 
0.0001428888051094284,0.975,1.0,0.99422 
0.00014347449287652775,0.975,1.0,0.99429 
0.0001440601806436271,0.975,1.0,0.99433 
0.0001446458684107264,0.975,1.0,0.99443 
0.00014523155617782575,0.975,1.0,0.99454 
0.0001458172439449251,0.975,1.0,0.9946 
0.00014640293171202444,0.975,1.0,0.99463 
0.00014698861947912378,0.975,1.0,0.99472 
0.0001475743072462231,0.975,1.0,0.9948 
0.00014815999501332244,0.975,1.0,0.99488 
0.0001487456827804218,0.975,1.0,0.99497 
0.00014933137054752113,0.975,1.0,0.99503 
0.00014991705831462047,0.975,1.0,0.99514 
0.0001505027460817198,0.975,1.0,0.99527 
0.00015108843384881914,0.975,1.0,0.99531 
0.00015167412161591848,0.975,1.0,0.99537 
0.00015225980938301782,0.975,1.0,0.99542 
0.00015284549715011717,0.975,1.0,0.99548 
0.00015343118491721648,0.975,1.0,0.99555 
0.00015401687268431583,0.975,1.0,0.9956 
0.00015460256045141517,0.975,1.0,0.99566 
0.00015518824821851451,0.975,1.0,0.9957 
0.00015577393598561386,0.975,1.0,0.99576 
0.00015635962375271317,0.975,1.0,0.99578 
0.00015694531151981252,0.975,1.0,0.99584 
0.00015753099928691186,0.975,1.0,0.99589 
0.0001581166870540112,0.975,1.0,0.99592 
0.00015870237482111055,0.975,1.0,0.99599 
0.00015928806258820987,0.975,1.0,0.99604 
0.0001598737503553092,0.975,1.0,0.99606 
0.00016045943812240855,0.975,1.0,0.99611 
0.0001610451258895079,0.975,1.0,0.99616 
0.00016163081365660724,0.975,1.0,0.99619 
0.00016221650142370656,0.975,1.0,0.99623 
0.0001628021891908059,0.975,1.0,0.99629 
0.00016338787695790525,0.975,1.0,0.99636 
0.0001639735647250046,0.975,1.0,0.99647 
0.00016455925249210393,0.975,1.0,0.99651 
0.00016514494025920325,0.975,1.0,0.99656 
0.0001657306280263026,0.975,1.0,0.9966 
0.00016631631579340194,0.975,1.0,0.99664 
0.00016690200356050128,0.975,1.0,0.99669 
0.00016748769132760063,0.975,1.0,0.99672 
0.00016807337909469994,0.975,1.0,0.99675 
0.00016865906686179929,0.975,1.0,0.99676 
0.00016924475462889863,0.975,1.0,0.99679 
0.00016983044239599797,0.975,1.0,0.99681 
0.00017041613016309732,0.975,1.0,0.99683 
0.00017100181793019663,0.975,1.0,0.9969 
0.00017158750569729598,0.975,1.0,0.99691 
0.00017217319346439532,0.975,1.0,0.99692 
0.00017275888123149467,0.975,1.0,0.99696 
0.000173344568998594,0.975,1.0,0.997 
0.00017393025676569333,0.975,1.0,0.99705 
0.00017451594453279267,0.975,1.0,0.99707 
0.000175101632299892,0.975,1.0,0.99712 
0.00017568732006699136,0.975,1.0,0.99715 
0.0001762730078340907,0.975,1.0,0.99717 
0.00017685869560119002,0.975,1.0,0.99718 
0.00017744438336828936,0.975,1.0,0.99723 
0.0001780300711353887,0.975,1.0,0.9973 
0.00017861575890248805,0.975,1.0,0.99735 
0.0001792014466695874,0.975,1.0,0.99738 
0.0001797871344366867,0.975,1.0,0.99745 
0.00018037282220378605,0.975,1.0,0.9975 
0.0001809585099708854,0.975,1.0,0.99754 
0.00018154419773798474,0.975,1.0,0.99757 
0.00018212988550508408,0.975,1.0,0.99762 
0.0001827155732721834,0.975,1.0,0.99764 
0.00018330126103928274,0.975,1.0,0.99767 
0.0001838869488063821,0.975,1.0,0.99768 
0.00018447263657348143,0.975,1.0,0.9977 
0.00018505832434058078,0.975,1.0,0.99773 
0.0001856440121076801,0.975,1.0,0.99774 
0.00018622969987477944,0.975,1.0,0.99776 
0.00018681538764187878,0.975,1.0,0.99777 
0.00018740107540897812,0.975,1.0,0.99781 
0.00018798676317607747,0.975,1.0,0.99782 
0.00018857245094317678,0.975,1.0,0.99782 
0.00018915813871027613,0.975,1.0,0.99788 
0.00018974382647737547,0.975,1.0,0.99789 
0.00019032951424447482,0.975,1.0,0.99793 
0.00019091520201157416,0.975,1.0,0.99796 
0.00019150088977867348,0.975,1.0,0.99796 
0.00019208657754577282,0.975,1.0,0.99799 
0.00019267226531287216,0.975,1.0,0.998 
0.0001932579530799715,0.975,1.0,0.99803 
0.00019384364084707085,0.975,1.0,0.99806 
0.00019442932861417017,0.975,1.0,0.99811 
0.0001950150163812695,0.975,1.0,0.99812 
0.00019560070414836886,0.975,1.0,0.99815 
0.0001961863919154682,0.975,1.0,0.99818 
0.00019677207968256754,0.975,1.0,0.99823 
0.00019735776744966686,0.975,1.0,0.99824 
0.0001979434552167662,0.975,1.0,0.99825 
0.00019852914298386555,0.975,1.0,0.99826 
0.0001991148307509649,0.975,1.0,0.99828 
0.00019970051851806424,0.975,1.0,0.99831 
0.00020028620628516355,0.975,1.0,0.99836 
0.0002008718940522629,0.975,1.0,0.99836 
0.00020145758181936224,0.975,1.0,0.99839 
0.00020204326958646158,0.975,1.0,0.99841 
0.00020262895735356093,0.975,1.0,0.99843 
0.00020321464512066024,0.975,1.0,0.99843 
0.0002038003328877596,0.975,1.0,0.99846 
0.00020438602065485893,0.975,1.0,0.99848 
0.00020497170842195828,0.975,1.0,0.99851 
0.00020555739618905762,0.975,1.0,0.99853 
0.00020614308395615694,0.975,1.0,0.99856 
0.00020672877172325628,0.975,1.0,0.99857 
0.00020731445949035562,0.975,1.0,0.99862 
0.00020790014725745497,0.975,1.0,0.99864 
0.0002084858350245543,0.975,1.0,0.99865 
0.00020907152279165363,0.975,1.0,0.99867 
0.00020965721055875297,0.975,1.0,0.99869 
0.00021024289832585231,0.975,1.0,0.99869 
0.00021082858609295166,0.975,1.0,0.9987 
0.000211414273860051,0.975,1.0,0.99873 
0.00021199996162715032,0.975,1.0,0.99877 
0.00021258564939424966,0.975,1.0,0.99879 
0.000213171337161349,0.975,1.0,0.9988 
0.00021375702492844835,0.975,1.0,0.99881 
0.0002143427126955477,0.975,1.0,0.99883 
0.000214928400462647,0.975,1.0,0.99883 
0.00021551408822974635,0.975,1.0,0.99884 
0.0002160997759968457,0.975,1.0,0.99885 
0.00021668546376394504,0.975,1.0,0.99886 
0.00021727115153104439,0.975,1.0,0.99887 
0.0002178568392981437,0.975,1.0,0.99889 
0.00021844252706524305,0.975,1.0,0.99889 
0.0002190282148323424,0.975,1.0,0.9989 
0.00021961390259944173,0.975,1.0,0.99892 
0.00022019959036654108,0.975,1.0,0.99895 
0.0002207852781336404,0.975,1.0,0.99896 
0.00022137096590073974,0.975,1.0,0.99896 
0.00022195665366783908,0.975,1.0,0.99896 
0.00022254234143493843,0.975,1.0,0.99896 
0.00022312802920203777,0.975,1.0,0.99899 
0.00022371371696913709,0.975,1.0,0.99899 
0.00022429940473623643,0.975,1.0,0.99899 
0.00022488509250333577,0.975,1.0,0.99899 
0.00022547078027043512,0.975,1.0,0.999 
0.00022605646803753446,0.975,1.0,0.999 
0.00022664215580463378,0.975,1.0,0.99902 
0.00022722784357173312,0.975,1.0,0.99903 
0.00022781353133883247,0.975,1.0,0.99903 
0.0002283992191059318,0.975,1.0,0.99904 
0.00022898490687303115,0.975,1.0,0.99904 
0.0002295705946401305,0.975,1.0,0.99905 
0.00023015628240722981,0.975,1.0,0.99905 
0.00023074197017432916,0.975,1.0,0.99906 
0.0002313276579414285,0.975,1.0,0.99907 
0.00023191334570852785,0.975,1.0,0.99908 
0.0002324990334756272,0.975,1.0,0.9991 
0.0002330847212427265,0.975,1.0,0.99911 
0.00023367040900982585,0.975,1.0,0.99912 
0.0002342560967769252,0.975,1.0,0.99912 
0.00023484178454402454,0.975,1.0,0.99914 
0.00023542747231112388,0.975,1.0,0.99914 
0.0002360131600782232,0.975,1.0,0.99915 
0.00023659884784532254,0.975,1.0,0.99915 
0.00023718453561242188,0.975,1.0,0.99915 
0.00023777022337952123,0.975,1.0,0.99915 
0.00023835591114662057,0.975,1.0,0.99916 
0.0002389415989137199,0.975,1.0,0.99916 
0.00023952728668081923,0.975,1.0,0.99916 
0.00024011297444791858,0.975,1.0,0.99917 
0.00024069866221501792,0.975,1.0,0.99918 
0.00024128434998211726,0.975,1.0,0.99919 
0.00024187003774921658,0.975,1.0,0.9992 
0.00024245572551631592,0.975,1.0,0.99921 
0.00024304141328341527,0.975,1.0,0.99922 
0.0002436271010505146,0.975,1.0,0.99923 
0.00024421278881761393,0.975,1.0,0.99924 
0.00024479847658471327,0.975,1.0,0.99927 
0.0002453841643518126,0.975,1.0,0.99928 
0.00024596985211891196,0.975,1.0,0.99928 
0.0002465555398860113,0.975,1.0,0.99928 
0.00024714122765311065,0.975,1.0,0.99928 
0.00024772691542020994,0.975,1.0,0.99929 
0.0002483126031873093,0.975,1.0,0.9993 
0.0002488982909544086,0.975,1.0,0.9993 
0.00024948397872150797,0.975,1.0,0.9993 
0.0002500696664886073,0.975,1.0,0.9993 
0.00025065535425570666,0.975,1.0,0.99932 
0.000251241042022806,0.975,1.0,0.99933 
0.00025182672978990534,0.975,1.0,0.99933 
0.0002524124175570047,0.975,1.0,0.99933 
0.00025299810532410403,0.975,1.0,0.99933 
0.0002535837930912034,0.975,1.0,0.99935 
0.0002541694808583027,0.975,1.0,0.99936 
0.000254755168625402,0.975,1.0,0.9994 
0.00025534085639250135,0.975,1.0,0.99941 
0.0002559265441596007,0.975,1.0,0.99941 
0.00025651223192670004,0.975,1.0,0.99941 
0.0002570979196937994,0.975,1.0,0.99943 
0.00025768360746089873,0.975,1.0,0.99944 
0.00025826929522799807,0.975,1.0,0.99945 
0.0002588549829950974,0.975,1.0,0.99946 
0.00025944067076219676,0.975,1.0,0.99946 
0.0002600263585292961,0.975,1.0,0.99946 
0.0002606120462963954,0.975,1.0,0.99946 
0.00026119773406349474,0.975,1.0,0.99947 
0.0002617834218305941,0.975,1.0,0.99947 
0.0002623691095976934,0.975,1.0,0.99947 
0.00026295479736479277,0.975,1.0,0.99947 
0.0002635404851318921,0.975,1.0,0.99948 
0.00026412617289899145,0.975,1.0,0.99948 
0.0002647118606660908,0.975,1.0,0.99948 
0.00026529754843319014,0.975,1.0,0.99948 
0.0002658832362002895,0.975,1.0,0.99948 
0.0002664689239673888,0.975,1.0,0.99948 
0.0002670546117344881,0.975,1.0,0.99948 
0.00026764029950158746,0.975,1.0,0.99948 
0.0002682259872686868,0.975,1.0,0.99948 
0.00026881167503578615,0.975,1.0,0.99949 
0.0002693973628028855,0.975,1.0,0.9995 
0.00026998305056998484,1.0,1.0,0.9995 
0.0002705687383370842,1.0,1.0,0.9995 
0.0002711544261041835,1.0,1.0,0.9995 
0.00027174011387128287,1.0,1.0,0.9995 
0.00027232580163838216,1.0,1.0,0.99951 
0.0002729114894054815,1.0,1.0,0.99952 
0.00027349717717258085,1.0,1.0,0.99952 
0.0002740828649396802,1.0,1.0,0.99952 
0.00027466855270677953,1.0,1.0,0.99952 
0.0002752542404738789,1.0,1.0,0.99952 
0.0002758399282409782,1.0,1.0,0.99953 
0.00027642561600807757,1.0,1.0,0.99953 
0.0002770113037751769,1.0,1.0,0.99953 
0.00027759699154227625,1.0,1.0,0.99953 
0.00027818267930937554,1.0,1.0,0.99955 
0.0002787683670764749,1.0,1.0,0.99956 
0.00027935405484357423,1.0,1.0,0.99957 
0.0002799397426106736,1.0,1.0,0.99958 
0.0002805254303777729,1.0,1.0,0.99959 
0.00028111111814487226,1.0,1.0,0.99959 
0.0002816968059119716,1.0,1.0,0.9996 
0.00028228249367907095,1.0,1.0,0.99961 
0.0002828681814461703,1.0,1.0,0.99962 
0.00028345386921326964,1.0,1.0,0.99962 
0.0002840395569803689,1.0,1.0,0.99963 
0.00028462524474746827,1.0,1.0,0.99965 
0.0002852109325145676,1.0,1.0,0.99965 
0.00028579662028166696,1.0,1.0,0.99965 
0.0002863823080487663,1.0,1.0,0.99965 
0.00028696799581586565,1.0,1.0,0.99965 
0.000287553683582965,1.0,1.0,0.99965 
0.00028813937135006433,1.0,1.0,0.99965 
0.0002887250591171637,1.0,1.0,0.99965 
0.000289310746884263,1.0,1.0,0.99966 
0.0002898964346513623,1.0,1.0,0.99967 
0.00029048212241846165,1.0,1.0,0.99967 
0.000291067810185561,1.0,1.0,0.99967 
0.00029165349795266034,1.0,1.0,0.99967 
0.0002922391857197597,1.0,1.0,0.99967 
0.00029282487348685903,1.0,1.0,0.99968 
0.00029341056125395837,1.0,1.0,0.99969 
0.0002939962490210577,1.0,1.0,0.99969 
0.00029458193678815706,1.0,1.0,0.9997 
0.0002951676245552564,1.0,1.0,0.9997 
0.0002957533123223557,1.0,1.0,0.9997 
0.00029633900008945504,1.0,1.0,0.9997 
0.0002969246878565544,1.0,1.0,0.9997 
