x,eeg_cdf,wishart_cdf,t_wishart_cdf 
9.054595230992376e-06,0.0,0.0,0.00668 
9.502978010523676e-06,0.0,0.0,0.00882 
9.951360790054977e-06,0.0,0.0,0.01096 
1.0399743569586278e-05,0.025,0.0,0.01348 
1.0848126349117578e-05,0.025,0.0,0.01643 
1.129650912864888e-05,0.025,0.0,0.01965 
1.1744891908180182e-05,0.05,0.0,0.02402 
1.2193274687711482e-05,0.05,0.0,0.02856 
1.2641657467242783e-05,0.05,0.0,0.03311 
1.3090040246774084e-05,0.075,0.0,0.03818 
1.3538423026305384e-05,0.1,0.0,0.04365 
1.3986805805836687e-05,0.125,0.0,0.04915 
1.4435188585367987e-05,0.15,0.0,0.05568 
1.4883571364899288e-05,0.15,0.0,0.06198 
1.533195414443059e-05,0.175,0.0,0.06885 
1.578033692396189e-05,0.175,0.0,0.07598 
1.622871970349319e-05,0.175,0.0,0.08298 
1.667710248302449e-05,0.175,0.0,0.09059 
1.712548526255579e-05,0.2,0.0,0.09836 
1.7573868042087092e-05,0.2,0.0,0.10703 
1.8022250821618393e-05,0.2,0.0,0.11513 
1.8470633601149694e-05,0.2,0.0,0.12425 
1.8919016380680998e-05,0.2,0.0,0.13323 
1.9367399160212295e-05,0.2,0.0,0.14244 
1.98157819397436e-05,0.25,0.0,0.1519 
2.0264164719274896e-05,0.275,0.0,0.16114 
2.07125474988062e-05,0.275,2e-05,0.17031 
2.1160930278337498e-05,0.275,5e-05,0.17931 
2.1609313057868802e-05,0.275,5e-05,0.18886 
2.2057695837400103e-05,0.275,6e-05,0.19871 
2.2506078616931403e-05,0.275,0.00012,0.20908 
2.2954461396462704e-05,0.275,0.00017,0.21887 
2.3402844175994005e-05,0.275,0.00026,0.22856 
2.3851226955525305e-05,0.3,0.00054,0.23877 
2.4299609735056606e-05,0.325,0.00083,0.24888 
2.4747992514587907e-05,0.325,0.00128,0.25892 
2.5196375294119207e-05,0.325,0.00185,0.26914 
2.5644758073650508e-05,0.325,0.00267,0.27972 
2.609314085318181e-05,0.325,0.00371,0.2902 
2.654152363271311e-05,0.325,0.00516,0.29995 
2.698990641224441e-05,0.35,0.00711,0.31051 
2.7438289191775714e-05,0.35,0.00978,0.32092 
2.7886671971307015e-05,0.35,0.01329,0.33088 
2.8335054750838316e-05,0.35,0.01735,0.34075 
2.8783437530369616e-05,0.35,0.02217,0.35052 
2.9231820309900917e-05,0.35,0.02827,0.36023 
2.9680203089432218e-05,0.35,0.03512,0.3697 
3.012858586896352e-05,0.35,0.04318,0.37924 
3.0576968648494816e-05,0.35,0.05243,0.38939 
3.102535142802612e-05,0.35,0.06362,0.39959 
3.1473734207557424e-05,0.375,0.07628,0.40939 
3.192211698708872e-05,0.375,0.09109,0.41841 
3.237049976662002e-05,0.375,0.10699,0.42746 
3.281888254615132e-05,0.375,0.12532,0.43665 
3.326726532568263e-05,0.375,0.14509,0.44578 
3.3715648105213924e-05,0.375,0.16668,0.45449 
3.416403088474523e-05,0.375,0.19034,0.46275 
3.4612413664276525e-05,0.375,0.21501,0.47098 
3.506079644380783e-05,0.375,0.24115,0.47926 
3.5509179223339134e-05,0.375,0.26858,0.48829 
3.595756200287043e-05,0.375,0.29758,0.49661 
3.640594478240173e-05,0.375,0.32719,0.50485 
3.685432756193303e-05,0.375,0.35852,0.51258 
3.7302710341464336e-05,0.4,0.38991,0.5207 
3.7751093120995634e-05,0.4,0.42104,0.52831 
3.819947590052693e-05,0.4,0.45234,0.53661 
3.8647858680058235e-05,0.425,0.48396,0.54437 
3.909624145958954e-05,0.45,0.5165,0.55232 
3.9544624239120836e-05,0.475,0.54619,0.55976 
3.999300701865214e-05,0.525,0.57762,0.56674 
4.044138979818344e-05,0.525,0.60742,0.57383 
4.088977257771474e-05,0.525,0.63544,0.58089 
4.133815535724604e-05,0.55,0.66314,0.58803 
4.178653813677734e-05,0.575,0.68972,0.59465 
4.223492091630864e-05,0.575,0.7148,0.60142 
4.2683303695839945e-05,0.575,0.73858,0.60837 
4.313168647537124e-05,0.6,0.76148,0.61507 
4.3580069254902546e-05,0.6,0.78237,0.62154 
4.402845203443384e-05,0.6,0.80213,0.62774 
4.447683481396515e-05,0.625,0.82168,0.63385 
4.4925217593496445e-05,0.625,0.83953,0.63971 
4.537360037302775e-05,0.625,0.85633,0.64612 
4.582198315255905e-05,0.625,0.8708,0.6521 
4.627036593209035e-05,0.65,0.88423,0.65803 
4.6718748711621654e-05,0.65,0.8965,0.66379 
4.716713149115295e-05,0.65,0.90768,0.66938 
4.7615514270684256e-05,0.65,0.91757,0.67488 
4.806389705021555e-05,0.65,0.92715,0.68023 
4.851227982974686e-05,0.675,0.93585,0.68551 
4.8960662609278154e-05,0.675,0.94317,0.69041 
4.940904538880946e-05,0.675,0.9504,0.69529 
4.9857428168340756e-05,0.7,0.95605,0.70042 
5.030581094787206e-05,0.7,0.96174,0.70556 
5.075419372740336e-05,0.7,0.96631,0.71064 
5.120257650693466e-05,0.7,0.97058,0.71546 
5.165095928646596e-05,0.725,0.97455,0.72061 
5.209934206599726e-05,0.725,0.97779,0.72542 
5.254772484552857e-05,0.725,0.98086,0.72989 
5.2996107625059864e-05,0.725,0.98348,0.73444 
5.344449040459117e-05,0.725,0.9858,0.73893 
5.3892873184122465e-05,0.725,0.98785,0.74336 
5.434125596365377e-05,0.725,0.98961,0.74737 
5.478963874318507e-05,0.725,0.99127,0.75165 
5.523802152271637e-05,0.725,0.99272,0.75539 
5.568640430224767e-05,0.725,0.99373,0.75979 
5.613478708177897e-05,0.725,0.9946,0.76374 
5.658316986131027e-05,0.725,0.99549,0.76771 
5.7031552640841574e-05,0.725,0.99603,0.77154 
5.747993542037287e-05,0.75,0.99679,0.77558 
5.7928318199904175e-05,0.75,0.99727,0.77931 
5.837670097943547e-05,0.75,0.99786,0.78315 
5.8825083758966776e-05,0.75,0.99825,0.78675 
5.927346653849808e-05,0.75,0.9985,0.79039 
5.972184931802938e-05,0.75,0.99878,0.79367 
6.017023209756068e-05,0.775,0.99893,0.79707 
6.061861487709198e-05,0.775,0.99907,0.80044 
6.106699765662328e-05,0.775,0.99925,0.8037 
6.151538043615458e-05,0.775,0.99939,0.80711 
6.196376321568588e-05,0.775,0.99952,0.81048 
6.241214599521719e-05,0.775,0.99959,0.81347 
6.286052877474849e-05,0.775,0.99965,0.81652 
6.330891155427978e-05,0.775,0.99972,0.81956 
6.375729433381109e-05,0.775,0.99978,0.82257 
6.420567711334238e-05,0.775,0.9998,0.82532 
6.465405989287368e-05,0.775,0.99984,0.82815 
6.510244267240499e-05,0.775,0.99985,0.83121 
6.555082545193629e-05,0.775,0.99987,0.83418 
6.59992082314676e-05,0.775,0.99993,0.83694 
6.64475910109989e-05,0.775,0.99996,0.83947 
6.68959737905302e-05,0.775,0.99997,0.84184 
6.734435657006149e-05,0.775,0.99997,0.84428 
6.77927393495928e-05,0.775,0.99997,0.84675 
6.824112212912409e-05,0.775,0.99998,0.84896 
6.868950490865539e-05,0.775,0.99998,0.85134 
6.91378876881867e-05,0.775,0.99998,0.85362 
6.9586270467718e-05,0.775,0.99998,0.85604 
7.00346532472493e-05,0.775,0.99998,0.85856 
7.048303602678061e-05,0.8,0.99998,0.86079 
7.093141880631191e-05,0.8,1.0,0.86308 
7.137980158584319e-05,0.8,1.0,0.86529 
7.182818436537449e-05,0.8,1.0,0.86735 
7.22765671449058e-05,0.8,1.0,0.86968 
7.27249499244371e-05,0.8,1.0,0.87185 
7.31733327039684e-05,0.8,1.0,0.87377 
7.362171548349971e-05,0.8,1.0,0.87555 
7.407009826303101e-05,0.8,1.0,0.87765 
7.451848104256232e-05,0.8,1.0,0.87947 
7.496686382209362e-05,0.8,1.0,0.88128 
7.54152466016249e-05,0.8,1.0,0.88319 
7.58636293811562e-05,0.825,1.0,0.88506 
7.63120121606875e-05,0.825,1.0,0.88671 
7.676039494021881e-05,0.825,1.0,0.88861 
7.720877771975011e-05,0.825,1.0,0.89037 
7.765716049928142e-05,0.825,1.0,0.89196 
7.810554327881272e-05,0.825,1.0,0.89371 
7.855392605834403e-05,0.85,1.0,0.89521 
7.90023088378753e-05,0.85,1.0,0.89677 
7.945069161740661e-05,0.85,1.0,0.8983 
7.989907439693791e-05,0.85,1.0,0.89974 
8.034745717646922e-05,0.85,1.0,0.90113 
8.079583995600052e-05,0.85,1.0,0.90274 
8.124422273553182e-05,0.85,1.0,0.9041 
8.169260551506313e-05,0.85,1.0,0.90531 
8.214098829459443e-05,0.85,1.0,0.90658 
8.258937107412574e-05,0.85,1.0,0.90786 
8.303775385365701e-05,0.85,1.0,0.90929 
8.348613663318832e-05,0.85,1.0,0.9106 
8.393451941271962e-05,0.85,1.0,0.91194 
8.438290219225093e-05,0.85,1.0,0.91327 
8.483128497178223e-05,0.85,1.0,0.91464 
8.527966775131353e-05,0.85,1.0,0.91593 
8.572805053084484e-05,0.85,1.0,0.91723 
8.617643331037614e-05,0.85,1.0,0.9184 
8.662481608990742e-05,0.875,1.0,0.91958 
8.707319886943872e-05,0.875,1.0,0.92083 
8.752158164897003e-05,0.875,1.0,0.92204 
8.796996442850133e-05,0.875,1.0,0.9232 
8.841834720803264e-05,0.875,1.0,0.92425 
8.886672998756394e-05,0.875,1.0,0.92535 
8.931511276709524e-05,0.875,1.0,0.92645 
8.976349554662655e-05,0.875,1.0,0.92764 
9.021187832615785e-05,0.875,1.0,0.92864 
9.066026110568913e-05,0.875,1.0,0.92967 
9.110864388522043e-05,0.875,1.0,0.93088 
9.155702666475174e-05,0.875,1.0,0.93184 
9.200540944428304e-05,0.875,1.0,0.933 
9.245379222381435e-05,0.875,1.0,0.93409 
9.290217500334565e-05,0.875,1.0,0.93493 
9.335055778287695e-05,0.875,1.0,0.9358 
9.379894056240826e-05,0.875,1.0,0.93685 
9.424732334193953e-05,0.875,1.0,0.93783 
9.469570612147084e-05,0.875,1.0,0.93879 
9.514408890100214e-05,0.875,1.0,0.93961 
9.559247168053345e-05,0.875,1.0,0.94034 
9.604085446006475e-05,0.875,1.0,0.94121 
9.648923723959605e-05,0.875,1.0,0.94205 
9.693762001912736e-05,0.875,1.0,0.94275 
9.738600279865866e-05,0.875,1.0,0.94342 
9.783438557818997e-05,0.875,1.0,0.94426 
9.828276835772124e-05,0.875,1.0,0.94509 
9.873115113725255e-05,0.875,1.0,0.94573 
9.917953391678385e-05,0.875,1.0,0.94658 
9.962791669631516e-05,0.875,1.0,0.94741 
0.00010007629947584646,0.875,1.0,0.94803 
0.00010052468225537776,0.875,1.0,0.94875 
0.00010097306503490907,0.875,1.0,0.94938 
0.00010142144781444037,0.875,1.0,0.95012 
0.00010186983059397165,0.875,1.0,0.95089 
0.00010231821337350295,0.875,1.0,0.95169 
0.00010276659615303426,0.875,1.0,0.95238 
0.00010321497893256556,0.875,1.0,0.95312 
0.00010366336171209687,0.875,1.0,0.95387 
0.00010411174449162817,0.875,1.0,0.95451 
0.00010456012727115947,0.875,1.0,0.95528 
0.00010500851005069078,0.875,1.0,0.95583 
0.00010545689283022208,0.875,1.0,0.95647 
0.00010590527560975336,0.875,1.0,0.95695 
0.00010635365838928466,0.875,1.0,0.9575 
0.00010680204116881597,0.9,1.0,0.95798 
0.00010725042394834727,0.9,1.0,0.95852 
0.00010769880672787858,0.9,1.0,0.95903 
0.00010814718950740988,0.9,1.0,0.95948 
0.00010859557228694118,0.9,1.0,0.96011 
0.00010904395506647249,0.9,1.0,0.96062 
0.00010949233784600379,0.925,1.0,0.961 
0.00010994072062553507,0.925,1.0,0.9616 
0.00011038910340506637,0.925,1.0,0.96213 
0.00011083748618459768,0.925,1.0,0.96262 
0.00011128586896412898,0.925,1.0,0.96316 
0.00011173425174366029,0.925,1.0,0.96374 
0.00011218263452319159,0.925,1.0,0.96406 
0.0001126310173027229,0.925,1.0,0.96448 
0.0001130794000822542,0.925,1.0,0.96494 
0.00011352778286178547,0.925,1.0,0.96538 
0.00011397616564131678,0.925,1.0,0.96585 
0.00011442454842084808,0.925,1.0,0.96626 
0.00011487293120037939,0.925,1.0,0.96674 
0.00011532131397991069,0.925,1.0,0.96707 
0.000115769696759442,0.925,1.0,0.96758 
0.0001162180795389733,0.925,1.0,0.96794 
0.0001166664623185046,0.925,1.0,0.96833 
0.00011711484509803591,0.925,1.0,0.96878 
0.00011756322787756718,0.925,1.0,0.96926 
0.00011801161065709849,0.925,1.0,0.9697 
0.00011845999343662979,0.925,1.0,0.97009 
0.0001189083762161611,0.925,1.0,0.97042 
0.0001193567589956924,0.925,1.0,0.97081 
0.0001198051417752237,0.925,1.0,0.97117 
0.00012025352455475501,0.95,1.0,0.97156 
0.00012070190733428631,0.95,1.0,0.97189 
0.00012115029011381759,0.95,1.0,0.97219 
0.0001215986728933489,0.95,1.0,0.97251 
0.0001220470556728802,0.95,1.0,0.97289 
0.0001224954384524115,0.95,1.0,0.97316 
0.0001229438212319428,0.95,1.0,0.97347 
0.0001233922040114741,0.95,1.0,0.9739 
0.00012384058679100541,0.95,1.0,0.97416 
0.00012428896957053672,0.95,1.0,0.97453 
0.00012473735235006802,0.95,1.0,0.97482 
0.0001251857351295993,0.95,1.0,0.97507 
0.0001256341179091306,0.95,1.0,0.97541 
0.0001260825006886619,0.95,1.0,0.97575 
0.0001265308834681932,0.95,1.0,0.97599 
0.00012697926624772452,0.95,1.0,0.97633 
0.00012742764902725582,0.95,1.0,0.97668 
0.00012787603180678712,0.95,1.0,0.977 
0.00012832441458631843,0.95,1.0,0.97734 
0.0001287727973658497,0.95,1.0,0.97762 
0.000129221180145381,0.95,1.0,0.97774 
0.0001296695629249123,0.95,1.0,0.97798 
0.00013011794570444362,0.95,1.0,0.97822 
0.00013056632848397492,0.95,1.0,0.97842 
0.00013101471126350623,0.95,1.0,0.97863 
0.00013146309404303753,0.95,1.0,0.97893 
0.00013191147682256883,0.95,1.0,0.97919 
0.00013235985960210014,0.95,1.0,0.97949 
0.00013280824238163144,0.95,1.0,0.97977 
0.00013325662516116275,0.95,1.0,0.98002 
0.00013370500794069402,0.95,1.0,0.98026 
0.00013415339072022533,0.95,1.0,0.98057 
0.00013460177349975663,0.95,1.0,0.98077 
0.00013505015627928793,0.95,1.0,0.98099 
0.00013549853905881924,0.95,1.0,0.98121 
0.00013594692183835054,0.95,1.0,0.98142 
0.00013639530461788185,0.95,1.0,0.98169 
0.00013684368739741315,0.95,1.0,0.98191 
0.00013729207017694443,0.95,1.0,0.98209 
0.00013774045295647573,0.95,1.0,0.98233 
0.00013818883573600704,0.95,1.0,0.9825 
0.00013863721851553834,0.95,1.0,0.98271 
0.00013908560129506964,0.95,1.0,0.9829 
0.00013953398407460095,0.95,1.0,0.98312 
0.00013998236685413225,0.95,1.0,0.98329 
0.00014043074963366356,0.95,1.0,0.98346 
0.00014087913241319486,0.95,1.0,0.98361 
0.00014132751519272614,0.95,1.0,0.98379 
0.00014177589797225744,0.95,1.0,0.98401 
0.00014222428075178875,0.95,1.0,0.98416 
0.00014267266353132005,0.95,1.0,0.98434 
0.00014312104631085135,0.95,1.0,0.98456 
0.00014356942909038266,0.95,1.0,0.98473 
0.00014401781186991396,0.95,1.0,0.98495 
0.00014446619464944527,0.95,1.0,0.98515 
0.00014491457742897654,0.95,1.0,0.98538 
0.00014536296020850785,0.95,1.0,0.98554 
0.00014581134298803915,0.95,1.0,0.98567 
0.00014625972576757046,0.95,1.0,0.98587 
0.00014670810854710176,0.95,1.0,0.98603 
0.00014715649132663306,0.95,1.0,0.98619 
0.00014760487410616437,0.95,1.0,0.9863 
0.00014805325688569567,0.95,1.0,0.98651 
0.00014850163966522698,0.95,1.0,0.9867 
0.00014895002244475825,0.95,1.0,0.98681 
0.00014939840522428956,0.95,1.0,0.98693 
0.00014984678800382086,0.95,1.0,0.98714 
0.00015029517078335217,0.95,1.0,0.98728 
0.00015074355356288347,0.95,1.0,0.98739 
0.00015119193634241477,0.95,1.0,0.98752 
0.00015164031912194608,0.95,1.0,0.98765 
0.00015208870190147738,0.95,1.0,0.98783 
0.00015253708468100866,0.95,1.0,0.98795 
0.00015298546746053996,0.95,1.0,0.9881 
0.00015343385024007127,0.95,1.0,0.98823 
0.00015388223301960257,0.95,1.0,0.98838 
0.00015433061579913387,0.95,1.0,0.98851 
0.00015477899857866518,0.95,1.0,0.98858 
0.00015522738135819648,0.95,1.0,0.98873 
0.0001556757641377278,0.95,1.0,0.98887 
0.0001561241469172591,0.95,1.0,0.98896 
0.00015657252969679037,0.95,1.0,0.98911 
0.00015702091247632167,0.95,1.0,0.9892 
0.00015746929525585298,0.95,1.0,0.98938 
0.00015791767803538428,0.95,1.0,0.98946 
0.00015836606081491558,0.95,1.0,0.98956 
0.0001588144435944469,0.95,1.0,0.98969 
0.0001592628263739782,0.95,1.0,0.98984 
0.0001597112091535095,0.95,1.0,0.98995 
0.0001601595919330408,0.95,1.0,0.99006 
0.00016060797471257208,0.95,1.0,0.99022 
0.00016105635749210338,0.95,1.0,0.99038 
0.00016150474027163469,0.975,1.0,0.99049 
0.000161953123051166,0.975,1.0,0.99058 
0.0001624015058306973,0.975,1.0,0.99069 
0.0001628498886102286,0.975,1.0,0.99074 
0.0001632982713897599,0.975,1.0,0.99083 
0.0001637466541692912,0.975,1.0,0.99093 
0.00016419503694882248,0.975,1.0,0.991 
0.0001646434197283538,0.975,1.0,0.99107 
0.0001650918025078851,0.975,1.0,0.99114 
0.0001655401852874164,0.975,1.0,0.99123 
0.0001659885680669477,0.975,1.0,0.99134 
0.000166436950846479,0.975,1.0,0.99145 
0.0001668853336260103,0.975,1.0,0.99156 
0.0001673337164055416,0.975,1.0,0.99169 
0.00016778209918507292,0.975,1.0,0.99175 
0.0001682304819646042,0.975,1.0,0.99184 
0.0001686788647441355,0.975,1.0,0.99196 
0.0001691272475236668,0.975,1.0,0.99209 
0.0001695756303031981,0.975,1.0,0.99214 
0.0001700240130827294,0.975,1.0,0.99227 
0.0001704723958622607,0.975,1.0,0.99237 
0.00017092077864179202,0.975,1.0,0.9924 
0.00017136916142132332,0.975,1.0,0.99243 
0.0001718175442008546,0.975,1.0,0.99247 
0.0001722659269803859,0.975,1.0,0.99253 
0.0001727143097599172,0.975,1.0,0.99265 
0.0001731626925394485,0.975,1.0,0.99272 
0.00017361107531897981,0.975,1.0,0.99281 
0.00017405945809851112,0.975,1.0,0.99285 
0.00017450784087804242,0.975,1.0,0.99292 
0.00017495622365757373,0.975,1.0,0.99301 
0.00017540460643710503,0.975,1.0,0.99306 
0.0001758529892166363,0.975,1.0,0.99318 
0.0001763013719961676,0.975,1.0,0.99326 
0.00017674975477569892,0.975,1.0,0.9933 
0.00017719813755523022,0.975,1.0,0.99337 
0.00017764652033476152,0.975,1.0,0.99348 
0.00017809490311429283,0.975,1.0,0.99356 
0.00017854328589382413,0.975,1.0,0.99361 
0.00017899166867335544,0.975,1.0,0.9937 
0.0001794400514528867,0.975,1.0,0.99375 
0.00017988843423241802,0.975,1.0,0.99381 
0.00018033681701194932,0.975,1.0,0.99386 
0.00018078519979148063,0.975,1.0,0.99397 
0.00018123358257101193,0.975,1.0,0.99403 
0.00018168196535054323,0.975,1.0,0.99406 
0.00018213034813007454,0.975,1.0,0.9941 
0.00018257873090960584,0.975,1.0,0.99414 
0.00018302711368913715,0.975,1.0,0.99419 
0.00018347549646866842,0.975,1.0,0.99422 
0.00018392387924819973,0.975,1.0,0.99428 
0.00018437226202773103,0.975,1.0,0.99435 
0.00018482064480726234,0.975,1.0,0.9944 
0.00018526902758679364,0.975,1.0,0.99447 
0.00018571741036632494,0.975,1.0,0.9945 
0.00018616579314585625,0.975,1.0,0.99451 
0.00018661417592538755,0.975,1.0,0.99456 
0.00018706255870491883,0.975,1.0,0.99464 
0.00018751094148445013,0.975,1.0,0.99471 
0.00018795932426398144,0.975,1.0,0.99477 
0.00018840770704351274,0.975,1.0,0.99483 
0.00018885608982304405,0.975,1.0,0.99486 
0.00018930447260257535,0.975,1.0,0.99491 
0.00018975285538210665,0.975,1.0,0.99493 
0.00019020123816163796,0.975,1.0,0.99497 
0.00019064962094116926,0.975,1.0,0.99502 
0.00019109800372070054,0.975,1.0,0.99508 
0.00019154638650023184,0.975,1.0,0.99511 
0.00019199476927976315,0.975,1.0,0.99521 
0.00019244315205929445,0.975,1.0,0.99526 
0.00019289153483882575,0.975,1.0,0.9953 
0.00019333991761835706,0.975,1.0,0.99534 
0.00019378830039788836,0.975,1.0,0.99536 
0.00019423668317741967,0.975,1.0,0.99539 
0.00019468506595695094,0.975,1.0,0.99543 
0.00019513344873648225,0.975,1.0,0.99545 
0.00019558183151601355,0.975,1.0,0.99554 
0.00019603021429554486,0.975,1.0,0.99558 
0.00019647859707507616,0.975,1.0,0.99566 
0.00019692697985460746,0.975,1.0,0.99568 
0.00019737536263413877,0.975,1.0,0.99572 
0.00019782374541367007,0.975,1.0,0.99578 
0.00019827212819320138,0.975,1.0,0.99584 
0.00019872051097273265,0.975,1.0,0.99589 
0.00019916889375226396,0.975,1.0,0.99591 
0.00019961727653179526,0.975,1.0,0.99595 
0.00020006565931132657,0.975,1.0,0.996 
0.00020051404209085787,0.975,1.0,0.99602 
0.00020096242487038917,0.975,1.0,0.99607 
0.00020141080764992048,0.975,1.0,0.99611 
0.00020185919042945178,0.975,1.0,0.99617 
0.00020230757320898306,0.975,1.0,0.99618 
0.00020275595598851436,0.975,1.0,0.99627 
0.00020320433876804567,0.975,1.0,0.99632 
0.00020365272154757697,0.975,1.0,0.99636 
0.00020410110432710828,0.975,1.0,0.99638 
0.00020454948710663958,0.975,1.0,0.99639 
0.00020499786988617088,0.975,1.0,0.99641 
0.0002054462526657022,0.975,1.0,0.99647 
0.0002058946354452335,0.975,1.0,0.99649 
0.00020634301822476477,0.975,1.0,0.99651 
0.00020679140100429607,0.975,1.0,0.99654 
0.00020723978378382738,0.975,1.0,0.99656 
0.00020768816656335868,0.975,1.0,0.99658 
0.00020813654934288998,0.975,1.0,0.99669 
0.0002085849321224213,0.975,1.0,0.99673 
0.0002090333149019526,0.975,1.0,0.99676 
0.0002094816976814839,0.975,1.0,0.99681 
0.0002099300804610152,0.975,1.0,0.99686 
0.00021037846324054648,0.975,1.0,0.99687 
0.00021082684602007778,0.975,1.0,0.9969 
0.00021127522879960909,0.975,1.0,0.9969 
0.0002117236115791404,1.0,1.0,0.99691 
0.0002121719943586717,1.0,1.0,0.99694 
0.000212620377138203,1.0,1.0,0.99697 
0.0002130687599177343,1.0,1.0,0.99699 
0.0002135171426972656,1.0,1.0,0.99705 
0.00021396552547679688,1.0,1.0,0.9971 
0.0002144139082563282,1.0,1.0,0.99712 
0.0002148622910358595,1.0,1.0,0.99714 
0.0002153106738153908,1.0,1.0,0.99716 
0.0002157590565949221,1.0,1.0,0.9972 
0.0002162074393744534,1.0,1.0,0.9972 
0.0002166558221539847,1.0,1.0,0.99721 
0.000217104204933516,1.0,1.0,0.99725 
0.00021755258771304732,1.0,1.0,0.99726 
0.0002180009704925786,1.0,1.0,0.99727 
0.0002184493532721099,1.0,1.0,0.99728 
0.0002188977360516412,1.0,1.0,0.99731 
0.0002193461188311725,1.0,1.0,0.99734 
0.0002197945016107038,1.0,1.0,0.99738 
0.00022024288439023511,1.0,1.0,0.99741 
0.00022069126716976642,1.0,1.0,0.99745 
0.00022113964994929772,1.0,1.0,0.99746 
0.000221588032728829,1.0,1.0,0.99748 
0.0002220364155083603,1.0,1.0,0.99751 
0.0002224847982878916,1.0,1.0,0.99752 
0.0002229331810674229,1.0,1.0,0.99756 
0.00022338156384695422,1.0,1.0,0.99757 
0.00022382994662648552,1.0,1.0,0.99758 
0.00022427832940601682,1.0,1.0,0.9976 
0.00022472671218554813,1.0,1.0,0.9976 
0.00022517509496507943,1.0,1.0,0.99762 
0.0002256234777446107,1.0,1.0,0.99765 
0.000226071860524142,1.0,1.0,0.99769 
0.00022652024330367332,1.0,1.0,0.9977 
0.00022696862608320462,1.0,1.0,0.99771 
0.00022741700886273592,1.0,1.0,0.99774 
0.00022786539164226723,1.0,1.0,0.99777 
0.00022831377442179853,1.0,1.0,0.9978 
0.00022876215720132984,1.0,1.0,0.9978 
0.00022921053998086111,1.0,1.0,0.99781 
0.00022965892276039242,1.0,1.0,0.99784 
0.00023010730553992372,1.0,1.0,0.99788 
0.00023055568831945503,1.0,1.0,0.99792 
0.00023100407109898633,1.0,1.0,0.99793 
0.00023145245387851763,1.0,1.0,0.99795 
0.00023190083665804894,1.0,1.0,0.99797 
0.00023234921943758024,1.0,1.0,0.99802 
0.00023279760221711155,1.0,1.0,0.99802 
